    0  4.179528  -1  0.0878 0.4455 -0.891  0.25  0.49
    0  6.179528  0  0.0878 0.4455 -0.891  0.25  0.25
    0.19509  4.179528  -0.980785  0.0878 0.4455 -0.891  0.296822  0.485388
    0.19509  4.179528  -0.980785  0.2599 0.4455 -0.8567  0.296822  0.485388
    0  6.179528  0  0.2599 0.4455 -0.8567  0.25  0.25
    0.382683  4.179528  -0.92388  0.2599 0.4455 -0.8567  0.341844  0.471731
    0.382683  4.179528  -0.92388  0.422 0.4455 -0.7896  0.341844  0.471731
    0  6.179528  0  0.422 0.4455 -0.7896  0.25  0.25
    0.55557  4.179528  -0.83147  0.422 0.4455 -0.7896  0.383337  0.449553
    0.55557  4.179528  -0.83147  0.568 0.4455 -0.6921  0.383337  0.449553
    0  6.179528  0  0.568 0.4455 -0.6921  0.25  0.25
    0.707107  4.179528  -0.707107  0.568 0.4455 -0.6921  0.419706  0.419706
    0.707107  4.179528  -0.707107  0.6921 0.4455 -0.568  0.419706  0.419706
    0  6.179528  0  0.6921 0.4455 -0.568  0.25  0.25
    0.83147  4.179528  -0.55557  0.6921 0.4455 -0.568  0.449553  0.383337
    0.83147  4.179528  -0.55557  0.7896 0.4455 -0.422  0.449553  0.383337
    0  6.179528  0  0.7896 0.4455 -0.422  0.25  0.25
    0.92388  4.179528  -0.382683  0.7896 0.4455 -0.422  0.471731  0.341844
    0.92388  4.179528  -0.382683  0.8567 0.4455 -0.2599  0.471731  0.341844
    0  6.179528  0  0.8567 0.4455 -0.2599  0.25  0.25
    0.980785  4.179528  -0.19509  0.8567 0.4455 -0.2599  0.485388  0.296822
    0.980785  4.179528  -0.19509  0.891 0.4455 -0.0878  0.485388  0.296822
    0  6.179528  0  0.891 0.4455 -0.0878  0.25  0.25
    1  4.179528  0  0.891 0.4455 -0.0878  0.49  0.25
    1  4.179528  0  0.891 0.4455 0.0878  0.49  0.25
    0  6.179528  0  0.891 0.4455 0.0878  0.25  0.25
    0.980785  4.179528  0.19509  0.891 0.4455 0.0878  0.485388  0.203178
    0.980785  4.179528  0.19509  0.8567 0.4455 0.2599  0.485388  0.203178
    0  6.179528  0  0.8567 0.4455 0.2599  0.25  0.25
    0.92388  4.179528  0.382683  0.8567 0.4455 0.2599  0.471731  0.158156
    0.92388  4.179528  0.382683  0.7896 0.4455 0.422  0.471731  0.158156
    0  6.179528  0  0.7896 0.4455 0.422  0.25  0.25
    0.83147  4.179528  0.55557  0.7896 0.4455 0.422  0.449553  0.116663
    0.83147  4.179528  0.55557  0.6921 0.4455 0.568  0.449553  0.116663
    0  6.179528  0  0.6921 0.4455 0.568  0.25  0.25
    0.707107  4.179528  0.707107  0.6921 0.4455 0.568  0.419706  0.080294
    0.707107  4.179528  0.707107  0.568 0.4455 0.6921  0.419706  0.080294
    0  6.179528  0  0.568 0.4455 0.6921  0.25  0.25
    0.55557  4.179528  0.83147  0.568 0.4455 0.6921  0.383337  0.050447
    0.55557  4.179528  0.83147  0.422 0.4455 0.7896  0.383337  0.050447
    0  6.179528  0  0.422 0.4455 0.7896  0.25  0.25
    0.382683  4.179528  0.92388  0.422 0.4455 0.7896  0.341844  0.028269
    0.382683  4.179528  0.92388  0.2599 0.4455 0.8567  0.341844  0.028269
    0  6.179528  0  0.2599 0.4455 0.8567  0.25  0.25
    0.19509  4.179528  0.980785  0.2599 0.4455 0.8567  0.296822  0.014612
    0.19509  4.179528  0.980785  0.0878 0.4455 0.891  0.296822  0.014612
    0  6.179528  0  0.0878 0.4455 0.891  0.25  0.25
    0  4.179528  1  0.0878 0.4455 0.891  0.25  0.01
    0  4.179528  1  -0.0878 0.4455 0.891  0.25  0.01
    0  6.179528  0  -0.0878 0.4455 0.891  0.25  0.25
    -0.19509  4.179528  0.980785  -0.0878 0.4455 0.891  0.203178  0.014612
    -0.19509  4.179528  0.980785  -0.2599 0.4455 0.8567  0.203178  0.014612
    0  6.179528  0  -0.2599 0.4455 0.8567  0.25  0.25
    -0.382683  4.179528  0.92388  -0.2599 0.4455 0.8567  0.158156  0.028269
    -0.382683  4.179528  0.92388  -0.422 0.4455 0.7896  0.158156  0.028269
    0  6.179528  0  -0.422 0.4455 0.7896  0.25  0.25
    -0.55557  4.179528  0.83147  -0.422 0.4455 0.7896  0.116663  0.050447
    -0.55557  4.179528  0.83147  -0.568 0.4455 0.6921  0.116663  0.050447
    0  6.179528  0  -0.568 0.4455 0.6921  0.25  0.25
    -0.707107  4.179528  0.707107  -0.568 0.4455 0.6921  0.080294  0.080294
    -0.707107  4.179528  0.707107  -0.6921 0.4455 0.568  0.080294  0.080294
    0  6.179528  0  -0.6921 0.4455 0.568  0.25  0.25
    -0.83147  4.179528  0.55557  -0.6921 0.4455 0.568  0.050447  0.116663
    -0.83147  4.179528  0.55557  -0.7896 0.4455 0.422  0.050447  0.116663
    0  6.179528  0  -0.7896 0.4455 0.422  0.25  0.25
    -0.92388  4.179528  0.382683  -0.7896 0.4455 0.422  0.028269  0.158156
    -0.92388  4.179528  0.382683  -0.8567 0.4455 0.2599  0.028269  0.158156
    0  6.179528  0  -0.8567 0.4455 0.2599  0.25  0.25
    -0.980785  4.179528  0.19509  -0.8567 0.4455 0.2599  0.014612  0.203178
    -0.980785  4.179528  0.19509  -0.891 0.4455 0.0878  0.014612  0.203178
    0  6.179528  0  -0.891 0.4455 0.0878  0.25  0.25
    -1  4.179528  0  -0.891 0.4455 0.0878  0.01  0.25
    -1  4.179528  0  -0.891 0.4455 -0.0878  0.01  0.25
    0  6.179528  0  -0.891 0.4455 -0.0878  0.25  0.25
    -0.980785  4.179528  -0.19509  -0.891 0.4455 -0.0878  0.014612  0.296822
    -0.980785  4.179528  -0.19509  -0.8567 0.4455 -0.2599  0.014612  0.296822
    0  6.179528  0  -0.8567 0.4455 -0.2599  0.25  0.25
    -0.92388  4.179528  -0.382683  -0.8567 0.4455 -0.2599  0.028269  0.341844
    -0.92388  4.179528  -0.382683  -0.7896 0.4455 -0.422  0.028269  0.341844
    0  6.179528  0  -0.7896 0.4455 -0.422  0.25  0.25
    -0.83147  4.179528  -0.55557  -0.7896 0.4455 -0.422  0.050447  0.383337
    -0.83147  4.179528  -0.55557  -0.6921 0.4455 -0.568  0.050447  0.383337
    0  6.179528  0  -0.6921 0.4455 -0.568  0.25  0.25
    -0.707107  4.179528  -0.707107  -0.6921 0.4455 -0.568  0.080294  0.419706
    -0.707107  4.179528  -0.707107  -0.568 0.4455 -0.6921  0.080294  0.419706
    0  6.179528  0  -0.568 0.4455 -0.6921  0.25  0.25
    -0.55557  4.179528  -0.83147  -0.568 0.4455 -0.6921  0.116663  0.449553
    -0.55557  4.179528  -0.83147  -0.422 0.4455 -0.7896  0.116663  0.449553
    0  6.179528  0  -0.422 0.4455 -0.7896  0.25  0.25
    -0.382683  4.179528  -0.92388  -0.422 0.4455 -0.7896  0.158156  0.471731
    0  4.179528  -1  0 -1 0  0.75  0.49
    0.19509  4.179528  -0.980785  0 -1 0  0.796822  0.485388
    0.382683  4.179528  -0.92388  0 -1 0  0.841844  0.471731
    0  4.179528  -1  0 -1 0  0.75  0.49
    0.382683  4.179528  -0.92388  0 -1 0  0.841844  0.471731
    0.55557  4.179528  -0.83147  0 -1 0  0.883337  0.449553
    0  4.179528  -1  0 -1 0  0.75  0.49
    0.55557  4.179528  -0.83147  0 -1 0  0.883337  0.449553
    0.707107  4.179528  -0.707107  0 -1 0  0.919706  0.419706
    0  4.179528  -1  0 -1 0  0.75  0.49
    0.707107  4.179528  -0.707107  0 -1 0  0.919706  0.419706
    0.83147  4.179528  -0.55557  0 -1 0  0.949553  0.383337
    0  4.179528  -1  0 -1 0  0.75  0.49
    0.83147  4.179528  -0.55557  0 -1 0  0.949553  0.383337
    0.92388  4.179528  -0.382683  0 -1 0  0.971731  0.341844
    0  4.179528  -1  0 -1 0  0.75  0.49
    0.92388  4.179528  -0.382683  0 -1 0  0.971731  0.341844
    0.980785  4.179528  -0.19509  0 -1 0  0.985388  0.296822
    0  4.179528  -1  0 -1 0  0.75  0.49
    0.980785  4.179528  -0.19509  0 -1 0  0.985388  0.296822
    1  4.179528  0  0 -1 0  0.99  0.25
    0  4.179528  -1  0 -1 0  0.75  0.49
    1  4.179528  0  0 -1 0  0.99  0.25
    0.980785  4.179528  0.19509  0 -1 0  0.985388  0.203178
    0  4.179528  -1  0 -1 0  0.75  0.49
    0.980785  4.179528  0.19509  0 -1 0  0.985388  0.203178
    0.92388  4.179528  0.382683  0 -1 0  0.971731  0.158156
    0  4.179528  -1  0 -1 0  0.75  0.49
    0.92388  4.179528  0.382683  0 -1 0  0.971731  0.158156
    0.83147  4.179528  0.55557  0 -1 0  0.949553  0.116663
    0  4.179528  -1  0 -1 0  0.75  0.49
    0.83147  4.179528  0.55557  0 -1 0  0.949553  0.116663
    0.707107  4.179528  0.707107  0 -1 0  0.919706  0.080294
    0  4.179528  -1  0 -1 0  0.75  0.49
    0.707107  4.179528  0.707107  0 -1 0  0.919706  0.080294
    0.55557  4.179528  0.83147  0 -1 0  0.883337  0.050447
    0  4.179528  -1  0 -1 0  0.75  0.49
    0.55557  4.179528  0.83147  0 -1 0  0.883337  0.050447
    0.382683  4.179528  0.92388  0 -1 0  0.841844  0.028269
    0  4.179528  -1  0 -1 0  0.75  0.49
    0.382683  4.179528  0.92388  0 -1 0  0.841844  0.028269
    0.19509  4.179528  0.980785  0 -1 0  0.796822  0.014612
    0  4.179528  -1  0 -1 0  0.75  0.49
    0.19509  4.179528  0.980785  0 -1 0  0.796822  0.014612
    0  4.179528  1  0 -1 0  0.75  0.01
    0  4.179528  -1  0 -1 0  0.75  0.49
    0  4.179528  1  0 -1 0  0.75  0.01
    -0.19509  4.179528  0.980785  0 -1 0  0.703178  0.014612
    0  4.179528  -1  0 -1 0  0.75  0.49
    -0.19509  4.179528  0.980785  0 -1 0  0.703178  0.014612
    -0.382683  4.179528  0.92388  0 -1 0  0.658156  0.028269
    0  4.179528  -1  0 -1 0  0.75  0.49
    -0.382683  4.179528  0.92388  0 -1 0  0.658156  0.028269
    -0.55557  4.179528  0.83147  0 -1 0  0.616663  0.050447
    0  4.179528  -1  0 -1 0  0.75  0.49
    -0.55557  4.179528  0.83147  0 -1 0  0.616663  0.050447
    -0.707107  4.179528  0.707107  0 -1 0  0.580294  0.080294
    0  4.179528  -1  0 -1 0  0.75  0.49
    -0.707107  4.179528  0.707107  0 -1 0  0.580294  0.080294
    -0.83147  4.179528  0.55557  0 -1 0  0.550447  0.116663
    0  4.179528  -1  0 -1 0  0.75  0.49
    -0.83147  4.179528  0.55557  0 -1 0  0.550447  0.116663
    -0.92388  4.179528  0.382683  0 -1 0  0.528269  0.158156
    0  4.179528  -1  0 -1 0  0.75  0.49
    -0.92388  4.179528  0.382683  0 -1 0  0.528269  0.158156
    -0.980785  4.179528  0.19509  0 -1 0  0.514612  0.203178
    0  4.179528  -1  0 -1 0  0.75  0.49
    -0.980785  4.179528  0.19509  0 -1 0  0.514612  0.203178
    -1  4.179528  0  0 -1 0  0.51  0.25
    0  4.179528  -1  0 -1 0  0.75  0.49
    -1  4.179528  0  0 -1 0  0.51  0.25
    -0.980785  4.179528  -0.19509  0 -1 0  0.514612  0.296822
    0  4.179528  -1  0 -1 0  0.75  0.49
    -0.980785  4.179528  -0.19509  0 -1 0  0.514612  0.296822
    -0.92388  4.179528  -0.382683  0 -1 0  0.528269  0.341844
    0  4.179528  -1  0 -1 0  0.75  0.49
    -0.92388  4.179528  -0.382683  0 -1 0  0.528269  0.341844
    -0.83147  4.179528  -0.55557  0 -1 0  0.550447  0.383337
    0  4.179528  -1  0 -1 0  0.75  0.49
    -0.83147  4.179528  -0.55557  0 -1 0  0.550447  0.383337
    -0.707107  4.179528  -0.707107  0 -1 0  0.580294  0.419706
    0  4.179528  -1  0 -1 0  0.75  0.49
    -0.707107  4.179528  -0.707107  0 -1 0  0.580294  0.419706
    -0.55557  4.179528  -0.83147  0 -1 0  0.616663  0.449553
    0  4.179528  -1  0 -1 0  0.75  0.49
    -0.55557  4.179528  -0.83147  0 -1 0  0.616663  0.449553
    -0.382683  4.179528  -0.92388  0 -1 0  0.658156  0.471731
    0  4.179528  -1  0 -1 0  0.75  0.49
    -0.382683  4.179528  -0.92388  0 -1 0  0.658156  0.471731
    -0.19509  4.179528  -0.980785  0 -1 0  0.703178  0.485388
    -0.382683  4.179528  -0.92388  -0.2599 0.4455 -0.8567  0.158156  0.471731
    0  6.179528  0  -0.2599 0.4455 -0.8567  0.25  0.25
    -0.19509  4.179528  -0.980785  -0.2599 0.4455 -0.8567  0.203178  0.485388
    -0.19509  4.179528  -0.980785  -0.0878 0.4455 -0.891  0.203178  0.485388
    0  6.179528  0  -0.0878 0.4455 -0.891  0.25  0.25
    0  4.179528  -1  -0.0878 0.4455 -0.891  0.25  0.49
    0  -7.248141  -0.35  0.098 0 -0.9952  1  0.5
    0  4.19136  -0.35  0.098 0 -0.9952  1  1
    0.068282  4.19136  -0.343275  0.098 0 -0.9952  0.96875  1
    0  -7.248141  -0.35  0.098 0 -0.9952  1  0.5
    0.068282  4.19136  -0.343275  0.098 0 -0.9952  0.96875  1
    0.068282  -7.248141  -0.343275  0.098 0 -0.9952  0.96875  0.5
    0.068282  -7.248141  -0.343275  0.2903 0 -0.9569  0.96875  0.5
    0.068282  4.19136  -0.343275  0.2903 0 -0.9569  0.96875  1
    0.133939  4.19136  -0.323358  0.2903 0 -0.9569  0.9375  1
    0.068282  -7.248141  -0.343275  0.2903 0 -0.9569  0.96875  0.5
    0.133939  4.19136  -0.323358  0.2903 0 -0.9569  0.9375  1
    0.133939  -7.248141  -0.323358  0.2903 0 -0.9569  0.9375  0.5
    0.133939  -7.248141  -0.323358  0.4714 0 -0.8819  0.9375  0.5
    0.133939  4.19136  -0.323358  0.4714 0 -0.8819  0.9375  1
    0.19445  4.19136  -0.291014  0.4714 0 -0.8819  0.90625  1
    0.133939  -7.248141  -0.323358  0.4714 0 -0.8819  0.9375  0.5
    0.19445  4.19136  -0.291014  0.4714 0 -0.8819  0.90625  1
    0.19445  -7.248141  -0.291014  0.4714 0 -0.8819  0.90625  0.5
    0.19445  -7.248141  -0.291014  0.6344 0 -0.773  0.90625  0.5
    0.19445  4.19136  -0.291014  0.6344 0 -0.773  0.90625  1
    0.247487  4.19136  -0.247487  0.6344 0 -0.773  0.875  1
    0.19445  -7.248141  -0.291014  0.6344 0 -0.773  0.90625  0.5
    0.247487  4.19136  -0.247487  0.6344 0 -0.773  0.875  1
    0.247487  -7.248141  -0.247487  0.6344 0 -0.773  0.875  0.5
    0.247487  -7.248141  -0.247487  0.773 0 -0.6344  0.875  0.5
    0.247487  4.19136  -0.247487  0.773 0 -0.6344  0.875  1
    0.291014  4.19136  -0.19445  0.773 0 -0.6344  0.84375  1
    0.247487  -7.248141  -0.247487  0.773 0 -0.6344  0.875  0.5
    0.291014  4.19136  -0.19445  0.773 0 -0.6344  0.84375  1
    0.291014  -7.248141  -0.19445  0.773 0 -0.6344  0.84375  0.5
    0.291014  -7.248141  -0.19445  0.8819 0 -0.4714  0.84375  0.5
    0.291014  4.19136  -0.19445  0.8819 0 -0.4714  0.84375  1
    0.323358  4.19136  -0.133939  0.8819 0 -0.4714  0.8125  1
    0.291014  -7.248141  -0.19445  0.8819 0 -0.4714  0.84375  0.5
    0.323358  4.19136  -0.133939  0.8819 0 -0.4714  0.8125  1
    0.323358  -7.248141  -0.133939  0.8819 0 -0.4714  0.8125  0.5
    0.323358  -7.248141  -0.133939  0.9569 0 -0.2903  0.8125  0.5
    0.323358  4.19136  -0.133939  0.9569 0 -0.2903  0.8125  1
    0.343275  4.19136  -0.068282  0.9569 0 -0.2903  0.78125  1
    0.323358  -7.248141  -0.133939  0.9569 0 -0.2903  0.8125  0.5
    0.343275  4.19136  -0.068282  0.9569 0 -0.2903  0.78125  1
    0.343275  -7.248141  -0.068282  0.9569 0 -0.2903  0.78125  0.5
    0.343275  -7.248141  -0.068282  0.9952 0 -0.098  0.78125  0.5
    0.343275  4.19136  -0.068282  0.9952 0 -0.098  0.78125  1
    0.35  4.19136  0  0.9952 0 -0.098  0.75  1
    0.343275  -7.248141  -0.068282  0.9952 0 -0.098  0.78125  0.5
    0.35  4.19136  0  0.9952 0 -0.098  0.75  1
    0.35  -7.248141  0  0.9952 0 -0.098  0.75  0.5
    0.35  -7.248141  0  0.9952 0 0.098  0.75  0.5
    0.35  4.19136  0  0.9952 0 0.098  0.75  1
    0.343275  4.19136  0.068282  0.9952 0 0.098  0.71875  1
    0.35  -7.248141  0  0.9952 0 0.098  0.75  0.5
    0.343275  4.19136  0.068282  0.9952 0 0.098  0.71875  1
    0.343275  -7.248141  0.068282  0.9952 0 0.098  0.71875  0.5
    0.343275  -7.248141  0.068282  0.9569 0 0.2903  0.71875  0.5
    0.343275  4.19136  0.068282  0.9569 0 0.2903  0.71875  1
    0.323358  4.19136  0.133939  0.9569 0 0.2903  0.6875  1
    0.343275  -7.248141  0.068282  0.9569 0 0.2903  0.71875  0.5
    0.323358  4.19136  0.133939  0.9569 0 0.2903  0.6875  1
    0.323358  -7.248141  0.133939  0.9569 0 0.2903  0.6875  0.5
    0.323358  -7.248141  0.133939  0.8819 0 0.4714  0.6875  0.5
    0.323358  4.19136  0.133939  0.8819 0 0.4714  0.6875  1
    0.291014  4.19136  0.19445  0.8819 0 0.4714  0.65625  1
    0.323358  -7.248141  0.133939  0.8819 0 0.4714  0.6875  0.5
    0.291014  4.19136  0.19445  0.8819 0 0.4714  0.65625  1
    0.291014  -7.248141  0.19445  0.8819 0 0.4714  0.65625  0.5
    0.291014  -7.248141  0.19445  0.773 0 0.6344  0.65625  0.5
    0.291014  4.19136  0.19445  0.773 0 0.6344  0.65625  1
    0.247487  4.19136  0.247487  0.773 0 0.6344  0.625  1
    0.291014  -7.248141  0.19445  0.773 0 0.6344  0.65625  0.5
    0.247487  4.19136  0.247487  0.773 0 0.6344  0.625  1
    0.247487  -7.248141  0.247487  0.773 0 0.6344  0.625  0.5
    0.247487  -7.248141  0.247487  0.6344 0 0.773  0.625  0.5
    0.247487  4.19136  0.247487  0.6344 0 0.773  0.625  1
    0.19445  4.19136  0.291014  0.6344 0 0.773  0.59375  1
    0.247487  -7.248141  0.247487  0.6344 0 0.773  0.625  0.5
    0.19445  4.19136  0.291014  0.6344 0 0.773  0.59375  1
    0.19445  -7.248141  0.291014  0.6344 0 0.773  0.59375  0.5
    0.19445  -7.248141  0.291014  0.4714 0 0.8819  0.59375  0.5
    0.19445  4.19136  0.291014  0.4714 0 0.8819  0.59375  1
    0.133939  4.19136  0.323358  0.4714 0 0.8819  0.5625  1
    0.19445  -7.248141  0.291014  0.4714 0 0.8819  0.59375  0.5
    0.133939  4.19136  0.323358  0.4714 0 0.8819  0.5625  1
    0.133939  -7.248141  0.323358  0.4714 0 0.8819  0.5625  0.5
    0.133939  -7.248141  0.323358  0.2903 0 0.9569  0.5625  0.5
    0.133939  4.19136  0.323358  0.2903 0 0.9569  0.5625  1
    0.068282  4.19136  0.343275  0.2903 0 0.9569  0.53125  1
    0.133939  -7.248141  0.323358  0.2903 0 0.9569  0.5625  0.5
    0.068282  4.19136  0.343275  0.2903 0 0.9569  0.53125  1
    0.068282  -7.248141  0.343275  0.2903 0 0.9569  0.53125  0.5
    0.068282  -7.248141  0.343275  0.098 0 0.9952  0.53125  0.5
    0.068282  4.19136  0.343275  0.098 0 0.9952  0.53125  1
    0  4.19136  0.35  0.098 0 0.9952  0.5  1
    0.068282  -7.248141  0.343275  0.098 0 0.9952  0.53125  0.5
    0  4.19136  0.35  0.098 0 0.9952  0.5  1
    0  -7.248141  0.35  0.098 0 0.9952  0.5  0.5
    0  -7.248141  0.35  -0.098 0 0.9952  0.5  0.5
    0  4.19136  0.35  -0.098 0 0.9952  0.5  1
    -0.068282  4.19136  0.343275  -0.098 0 0.9952  0.46875  1
    0  -7.248141  0.35  -0.098 0 0.9952  0.5  0.5
    -0.068282  4.19136  0.343275  -0.098 0 0.9952  0.46875  1
    -0.068282  -7.248141  0.343275  -0.098 0 0.9952  0.46875  0.5
    -0.068282  -7.248141  0.343275  -0.2903 0 0.9569  0.46875  0.5
    -0.068282  4.19136  0.343275  -0.2903 0 0.9569  0.46875  1
    -0.133939  4.19136  0.323358  -0.2903 0 0.9569  0.4375  1
    -0.068282  -7.248141  0.343275  -0.2903 0 0.9569  0.46875  0.5
    -0.133939  4.19136  0.323358  -0.2903 0 0.9569  0.4375  1
    -0.133939  -7.248141  0.323358  -0.2903 0 0.9569  0.4375  0.5
    -0.133939  -7.248141  0.323358  -0.4714 0 0.8819  0.4375  0.5
    -0.133939  4.19136  0.323358  -0.4714 0 0.8819  0.4375  1
    -0.19445  4.19136  0.291014  -0.4714 0 0.8819  0.40625  1
    -0.133939  -7.248141  0.323358  -0.4714 0 0.8819  0.4375  0.5
    -0.19445  4.19136  0.291014  -0.4714 0 0.8819  0.40625  1
    -0.19445  -7.248141  0.291014  -0.4714 0 0.8819  0.40625  0.5
    -0.19445  -7.248141  0.291014  -0.6344 0 0.773  0.40625  0.5
    -0.19445  4.19136  0.291014  -0.6344 0 0.773  0.40625  1
    -0.247487  4.19136  0.247487  -0.6344 0 0.773  0.375  1
    -0.19445  -7.248141  0.291014  -0.6344 0 0.773  0.40625  0.5
    -0.247487  4.19136  0.247487  -0.6344 0 0.773  0.375  1
    -0.247487  -7.248141  0.247487  -0.6344 0 0.773  0.375  0.5
    -0.247487  -7.248141  0.247487  -0.773 0 0.6344  0.375  0.5
    -0.247487  4.19136  0.247487  -0.773 0 0.6344  0.375  1
    -0.291014  4.19136  0.19445  -0.773 0 0.6344  0.34375  1
    -0.247487  -7.248141  0.247487  -0.773 0 0.6344  0.375  0.5
    -0.291014  4.19136  0.19445  -0.773 0 0.6344  0.34375  1
    -0.291014  -7.248141  0.19445  -0.773 0 0.6344  0.34375  0.5
    -0.291014  -7.248141  0.19445  -0.8819 0 0.4714  0.34375  0.5
    -0.291014  4.19136  0.19445  -0.8819 0 0.4714  0.34375  1
    -0.323358  4.19136  0.133939  -0.8819 0 0.4714  0.3125  1
    -0.291014  -7.248141  0.19445  -0.8819 0 0.4714  0.34375  0.5
    -0.323358  4.19136  0.133939  -0.8819 0 0.4714  0.3125  1
    -0.323358  -7.248141  0.133939  -0.8819 0 0.4714  0.3125  0.5
    -0.323358  -7.248141  0.133939  -0.9569 0 0.2903  0.3125  0.5
    -0.323358  4.19136  0.133939  -0.9569 0 0.2903  0.3125  1
    -0.343275  4.19136  0.068282  -0.9569 0 0.2903  0.28125  1
    -0.323358  -7.248141  0.133939  -0.9569 0 0.2903  0.3125  0.5
    -0.343275  4.19136  0.068282  -0.9569 0 0.2903  0.28125  1
    -0.343275  -7.248141  0.068282  -0.9569 0 0.2903  0.28125  0.5
    -0.343275  -7.248141  0.068282  -0.9952 0 0.098  0.28125  0.5
    -0.343275  4.19136  0.068282  -0.9952 0 0.098  0.28125  1
    -0.35  4.19136  0  -0.9952 0 0.098  0.25  1
    -0.343275  -7.248141  0.068282  -0.9952 0 0.098  0.28125  0.5
    -0.35  4.19136  0  -0.9952 0 0.098  0.25  1
    -0.35  -7.248141  0  -0.9952 0 0.098  0.25  0.5
    -0.35  -7.248141  0  -0.9952 0 -0.098  0.25  0.5
    -0.35  4.19136  0  -0.9952 0 -0.098  0.25  1
    -0.343275  4.19136  -0.068282  -0.9952 0 -0.098  0.21875  1
    -0.35  -7.248141  0  -0.9952 0 -0.098  0.25  0.5
    -0.343275  4.19136  -0.068282  -0.9952 0 -0.098  0.21875  1
    -0.343275  -7.248141  -0.068282  -0.9952 0 -0.098  0.21875  0.5
    -0.343275  -7.248141  -0.068282  -0.9569 0 -0.2903  0.21875  0.5
    -0.343275  4.19136  -0.068282  -0.9569 0 -0.2903  0.21875  1
    -0.323358  4.19136  -0.133939  -0.9569 0 -0.2903  0.1875  1
    -0.343275  -7.248141  -0.068282  -0.9569 0 -0.2903  0.21875  0.5
    -0.323358  4.19136  -0.133939  -0.9569 0 -0.2903  0.1875  1
    -0.323358  -7.248141  -0.133939  -0.9569 0 -0.2903  0.1875  0.5
    -0.323358  -7.248141  -0.133939  -0.8819 0 -0.4714  0.1875  0.5
    -0.323358  4.19136  -0.133939  -0.8819 0 -0.4714  0.1875  1
    -0.291014  4.19136  -0.19445  -0.8819 0 -0.4714  0.15625  1
    -0.323358  -7.248141  -0.133939  -0.8819 0 -0.4714  0.1875  0.5
    -0.291014  4.19136  -0.19445  -0.8819 0 -0.4714  0.15625  1
    -0.291014  -7.248141  -0.19445  -0.8819 0 -0.4714  0.15625  0.5
    -0.291014  -7.248141  -0.19445  -0.773 0 -0.6344  0.15625  0.5
    -0.291014  4.19136  -0.19445  -0.773 0 -0.6344  0.15625  1
    -0.247487  4.19136  -0.247487  -0.773 0 -0.6344  0.125  1
    -0.291014  -7.248141  -0.19445  -0.773 0 -0.6344  0.15625  0.5
    -0.247487  4.19136  -0.247487  -0.773 0 -0.6344  0.125  1
    -0.247487  -7.248141  -0.247487  -0.773 0 -0.6344  0.125  0.5
    -0.247487  -7.248141  -0.247487  -0.6344 0 -0.773  0.125  0.5
    -0.247487  4.19136  -0.247487  -0.6344 0 -0.773  0.125  1
    -0.19445  4.19136  -0.291014  -0.6344 0 -0.773  0.09375  1
    -0.247487  -7.248141  -0.247487  -0.6344 0 -0.773  0.125  0.5
    -0.19445  4.19136  -0.291014  -0.6344 0 -0.773  0.09375  1
    -0.19445  -7.248141  -0.291014  -0.6344 0 -0.773  0.09375  0.5
    -0.19445  -7.248141  -0.291014  -0.4714 0 -0.8819  0.09375  0.5
    -0.19445  4.19136  -0.291014  -0.4714 0 -0.8819  0.09375  1
    -0.133939  4.19136  -0.323358  -0.4714 0 -0.8819  0.0625  1
    -0.19445  -7.248141  -0.291014  -0.4714 0 -0.8819  0.09375  0.5
    -0.133939  4.19136  -0.323358  -0.4714 0 -0.8819  0.0625  1
    -0.133939  -7.248141  -0.323358  -0.4714 0 -0.8819  0.0625  0.5
    0.068282  4.19136  -0.343275  0 1 0  0.296822  0.485388
    0  4.19136  -0.35  0 1 0  0.25  0.49
    -0.068282  4.19136  -0.343275  0 1 0  0.203178  0.485388
    0.068282  4.19136  -0.343275  0 1 0  0.296822  0.485388
    -0.068282  4.19136  -0.343275  0 1 0  0.203178  0.485388
    -0.133939  4.19136  -0.323358  0 1 0  0.158156  0.471731
    0.068282  4.19136  -0.343275  0 1 0  0.296822  0.485388
    -0.133939  4.19136  -0.323358  0 1 0  0.158156  0.471731
    -0.19445  4.19136  -0.291014  0 1 0  0.116663  0.449553
    0.068282  4.19136  -0.343275  0 1 0  0.296822  0.485388
    -0.19445  4.19136  -0.291014  0 1 0  0.116663  0.449553
    -0.247487  4.19136  -0.247487  0 1 0  0.080294  0.419706
    0.068282  4.19136  -0.343275  0 1 0  0.296822  0.485388
    -0.247487  4.19136  -0.247487  0 1 0  0.080294  0.419706
    -0.291014  4.19136  -0.19445  0 1 0  0.050447  0.383337
    0.068282  4.19136  -0.343275  0 1 0  0.296822  0.485388
    -0.291014  4.19136  -0.19445  0 1 0  0.050447  0.383337
    -0.323358  4.19136  -0.133939  0 1 0  0.028269  0.341844
    0.068282  4.19136  -0.343275  0 1 0  0.296822  0.485388
    -0.323358  4.19136  -0.133939  0 1 0  0.028269  0.341844
    -0.343275  4.19136  -0.068282  0 1 0  0.014612  0.296822
    0.068282  4.19136  -0.343275  0 1 0  0.296822  0.485388
    -0.343275  4.19136  -0.068282  0 1 0  0.014612  0.296822
    -0.35  4.19136  0  0 1 0  0.01  0.25
    0.068282  4.19136  -0.343275  0 1 0  0.296822  0.485388
    -0.35  4.19136  0  0 1 0  0.01  0.25
    -0.343275  4.19136  0.068282  0 1 0  0.014612  0.203178
    0.068282  4.19136  -0.343275  0 1 0  0.296822  0.485388
    -0.343275  4.19136  0.068282  0 1 0  0.014612  0.203178
    -0.323358  4.19136  0.133939  0 1 0  0.028269  0.158156
    0.068282  4.19136  -0.343275  0 1 0  0.296822  0.485388
    -0.323358  4.19136  0.133939  0 1 0  0.028269  0.158156
    -0.291014  4.19136  0.19445  0 1 0  0.050447  0.116663
    0.068282  4.19136  -0.343275  0 1 0  0.296822  0.485388
    -0.291014  4.19136  0.19445  0 1 0  0.050447  0.116663
    -0.247487  4.19136  0.247487  0 1 0  0.080294  0.080294
    0.068282  4.19136  -0.343275  0 1 0  0.296822  0.485388
    -0.247487  4.19136  0.247487  0 1 0  0.080294  0.080294
    -0.19445  4.19136  0.291014  0 1 0  0.116663  0.050447
    0.068282  4.19136  -0.343275  0 1 0  0.296822  0.485388
    -0.19445  4.19136  0.291014  0 1 0  0.116663  0.050447
    -0.133939  4.19136  0.323358  0 1 0  0.158156  0.028269
    0.068282  4.19136  -0.343275  0 1 0  0.296822  0.485388
    -0.133939  4.19136  0.323358  0 1 0  0.158156  0.028269
    -0.068282  4.19136  0.343275  0 1 0  0.203178  0.014612
    0.068282  4.19136  -0.343275  0 1 0  0.296822  0.485388
    -0.068282  4.19136  0.343275  0 1 0  0.203178  0.014612
    0  4.19136  0.35  0 1 0  0.25  0.01
    0.068282  4.19136  -0.343275  0 1 0  0.296822  0.485388
    0  4.19136  0.35  0 1 0  0.25  0.01
    0.068282  4.19136  0.343275  0 1 0  0.296822  0.014612
    0.068282  4.19136  -0.343275  0 1 0  0.296822  0.485388
    0.068282  4.19136  0.343275  0 1 0  0.296822  0.014612
    0.133939  4.19136  0.323358  0 1 0  0.341844  0.028269
    0.068282  4.19136  -0.343275  0 1 0  0.296822  0.485388
    0.133939  4.19136  0.323358  0 1 0  0.341844  0.028269
    0.19445  4.19136  0.291014  0 1 0  0.383337  0.050447
    0.068282  4.19136  -0.343275  0 1 0  0.296822  0.485388
    0.19445  4.19136  0.291014  0 1 0  0.383337  0.050447
    0.247487  4.19136  0.247487  0 1 0  0.419706  0.080294
    0.068282  4.19136  -0.343275  0 1 0  0.296822  0.485388
    0.247487  4.19136  0.247487  0 1 0  0.419706  0.080294
    0.291014  4.19136  0.19445  0 1 0  0.449553  0.116663
    0.068282  4.19136  -0.343275  0 1 0  0.296822  0.485388
    0.291014  4.19136  0.19445  0 1 0  0.449553  0.116663
    0.323358  4.19136  0.133939  0 1 0  0.471731  0.158156
    0.068282  4.19136  -0.343275  0 1 0  0.296822  0.485388
    0.323358  4.19136  0.133939  0 1 0  0.471731  0.158156
    0.343275  4.19136  0.068282  0 1 0  0.485388  0.203178
    0.068282  4.19136  -0.343275  0 1 0  0.296822  0.485388
    0.343275  4.19136  0.068282  0 1 0  0.485388  0.203178
    0.35  4.19136  0  0 1 0  0.49  0.25
    0.068282  4.19136  -0.343275  0 1 0  0.296822  0.485388
    0.35  4.19136  0  0 1 0  0.49  0.25
    0.343275  4.19136  -0.068282  0 1 0  0.485388  0.296822
    0.068282  4.19136  -0.343275  0 1 0  0.296822  0.485388
    0.343275  4.19136  -0.068282  0 1 0  0.485388  0.296822
    0.323358  4.19136  -0.133939  0 1 0  0.471731  0.341844
    0.068282  4.19136  -0.343275  0 1 0  0.296822  0.485388
    0.323358  4.19136  -0.133939  0 1 0  0.471731  0.341844
    0.291014  4.19136  -0.19445  0 1 0  0.449553  0.383337
    0.068282  4.19136  -0.343275  0 1 0  0.296822  0.485388
    0.291014  4.19136  -0.19445  0 1 0  0.449553  0.383337
    0.247487  4.19136  -0.247487  0 1 0  0.419706  0.419706
    0.068282  4.19136  -0.343275  0 1 0  0.296822  0.485388
    0.247487  4.19136  -0.247487  0 1 0  0.419706  0.419706
    0.19445  4.19136  -0.291014  0 1 0  0.383337  0.449553
    0.068282  4.19136  -0.343275  0 1 0  0.296822  0.485388
    0.19445  4.19136  -0.291014  0 1 0  0.383337  0.449553
    0.133939  4.19136  -0.323358  0 1 0  0.341844  0.471731
    -0.133939  -7.248141  -0.323358  -0.2903 0 -0.9569  0.0625  0.5
    -0.133939  4.19136  -0.323358  -0.2903 0 -0.9569  0.0625  1
    -0.068282  4.19136  -0.343275  -0.2903 0 -0.9569  0.03125  1
    -0.133939  -7.248141  -0.323358  -0.2903 0 -0.9569  0.0625  0.5
    -0.068282  4.19136  -0.343275  -0.2903 0 -0.9569  0.03125  1
    -0.068282  -7.248141  -0.343275  -0.2903 0 -0.9569  0.03125  0.5
    -0.068282  -7.248141  -0.343275  -0.098 0 -0.9952  0.03125  0.5
    -0.068282  4.19136  -0.343275  -0.098 0 -0.9952  0.03125  1
    0  4.19136  -0.35  -0.098 0 -0.9952  0  1
    -0.068282  -7.248141  -0.343275  -0.098 0 -0.9952  0.03125  0.5
    0  4.19136  -0.35  -0.098 0 -0.9952  0  1
    0  -7.248141  -0.35  -0.098 0 -0.9952  0  0.5
    0  -7.248141  -0.35  0 -1 0  0.75  0.49
    0.068282  -7.248141  -0.343275  0 -1 0  0.796822  0.485388
    0.133939  -7.248141  -0.323358  0 -1 0  0.841844  0.471731
    0  -7.248141  -0.35  0 -1 0  0.75  0.49
    0.133939  -7.248141  -0.323358  0 -1 0  0.841844  0.471731
    0.19445  -7.248141  -0.291014  0 -1 0  0.883337  0.449553
    0  -7.248141  -0.35  0 -1 0  0.75  0.49
    0.19445  -7.248141  -0.291014  0 -1 0  0.883337  0.449553
    0.247487  -7.248141  -0.247487  0 -1 0  0.919706  0.419706
    0  -7.248141  -0.35  0 -1 0  0.75  0.49
    0.247487  -7.248141  -0.247487  0 -1 0  0.919706  0.419706
    0.291014  -7.248141  -0.19445  0 -1 0  0.949553  0.383337
    0  -7.248141  -0.35  0 -1 0  0.75  0.49
    0.291014  -7.248141  -0.19445  0 -1 0  0.949553  0.383337
    0.323358  -7.248141  -0.133939  0 -1 0  0.971731  0.341844
    0  -7.248141  -0.35  0 -1 0  0.75  0.49
    0.323358  -7.248141  -0.133939  0 -1 0  0.971731  0.341844
    0.343275  -7.248141  -0.068282  0 -1 0  0.985388  0.296822
    0  -7.248141  -0.35  0 -1 0  0.75  0.49
    0.343275  -7.248141  -0.068282  0 -1 0  0.985388  0.296822
    0.35  -7.248141  0  0 -1 0  0.99  0.25
    0  -7.248141  -0.35  0 -1 0  0.75  0.49
    0.35  -7.248141  0  0 -1 0  0.99  0.25
    0.343275  -7.248141  0.068282  0 -1 0  0.985388  0.203178
    0  -7.248141  -0.35  0 -1 0  0.75  0.49
    0.343275  -7.248141  0.068282  0 -1 0  0.985388  0.203178
    0.323358  -7.248141  0.133939  0 -1 0  0.971731  0.158156
    0  -7.248141  -0.35  0 -1 0  0.75  0.49
    0.323358  -7.248141  0.133939  0 -1 0  0.971731  0.158156
    0.291014  -7.248141  0.19445  0 -1 0  0.949553  0.116663
    0  -7.248141  -0.35  0 -1 0  0.75  0.49
    0.291014  -7.248141  0.19445  0 -1 0  0.949553  0.116663
    0.247487  -7.248141  0.247487  0 -1 0  0.919706  0.080294
    0  -7.248141  -0.35  0 -1 0  0.75  0.49
    0.247487  -7.248141  0.247487  0 -1 0  0.919706  0.080294
    0.19445  -7.248141  0.291014  0 -1 0  0.883337  0.050447
    0  -7.248141  -0.35  0 -1 0  0.75  0.49
    0.19445  -7.248141  0.291014  0 -1 0  0.883337  0.050447
    0.133939  -7.248141  0.323358  0 -1 0  0.841844  0.028269
    0  -7.248141  -0.35  0 -1 0  0.75  0.49
    0.133939  -7.248141  0.323358  0 -1 0  0.841844  0.028269
    0.068282  -7.248141  0.343275  0 -1 0  0.796822  0.014612
    0  -7.248141  -0.35  0 -1 0  0.75  0.49
    0.068282  -7.248141  0.343275  0 -1 0  0.796822  0.014612
    0  -7.248141  0.35  0 -1 0  0.75  0.01
    0  -7.248141  -0.35  0 -1 0  0.75  0.49
    0  -7.248141  0.35  0 -1 0  0.75  0.01
    -0.068282  -7.248141  0.343275  0 -1 0  0.703178  0.014612
    0  -7.248141  -0.35  0 -1 0  0.75  0.49
    -0.068282  -7.248141  0.343275  0 -1 0  0.703178  0.014612
    -0.133939  -7.248141  0.323358  0 -1 0  0.658156  0.028269
    0  -7.248141  -0.35  0 -1 0  0.75  0.49
    -0.133939  -7.248141  0.323358  0 -1 0  0.658156  0.028269
    -0.19445  -7.248141  0.291014  0 -1 0  0.616663  0.050447
    0  -7.248141  -0.35  0 -1 0  0.75  0.49
    -0.19445  -7.248141  0.291014  0 -1 0  0.616663  0.050447
    -0.247487  -7.248141  0.247487  0 -1 0  0.580294  0.080294
    0  -7.248141  -0.35  0 -1 0  0.75  0.49
    -0.247487  -7.248141  0.247487  0 -1 0  0.580294  0.080294
    -0.291014  -7.248141  0.19445  0 -1 0  0.550447  0.116663
    0  -7.248141  -0.35  0 -1 0  0.75  0.49
    -0.291014  -7.248141  0.19445  0 -1 0  0.550447  0.116663
    -0.323358  -7.248141  0.133939  0 -1 0  0.528269  0.158156
    0  -7.248141  -0.35  0 -1 0  0.75  0.49
    -0.323358  -7.248141  0.133939  0 -1 0  0.528269  0.158156
    -0.343275  -7.248141  0.068282  0 -1 0  0.514612  0.203178
    0  -7.248141  -0.35  0 -1 0  0.75  0.49
    -0.343275  -7.248141  0.068282  0 -1 0  0.514612  0.203178
    -0.35  -7.248141  0  0 -1 0  0.51  0.25
    0  -7.248141  -0.35  0 -1 0  0.75  0.49
    -0.35  -7.248141  0  0 -1 0  0.51  0.25
    -0.343275  -7.248141  -0.068282  0 -1 0  0.514612  0.296822
    0  -7.248141  -0.35  0 -1 0  0.75  0.49
    -0.343275  -7.248141  -0.068282  0 -1 0  0.514612  0.296822
    -0.323358  -7.248141  -0.133939  0 -1 0  0.528269  0.341844
    0  -7.248141  -0.35  0 -1 0  0.75  0.49
    -0.323358  -7.248141  -0.133939  0 -1 0  0.528269  0.341844
    -0.291014  -7.248141  -0.19445  0 -1 0  0.550447  0.383337
    0  -7.248141  -0.35  0 -1 0  0.75  0.49
    -0.291014  -7.248141  -0.19445  0 -1 0  0.550447  0.383337
    -0.247487  -7.248141  -0.247487  0 -1 0  0.580294  0.419706
    0  -7.248141  -0.35  0 -1 0  0.75  0.49
    -0.247487  -7.248141  -0.247487  0 -1 0  0.580294  0.419706
    -0.19445  -7.248141  -0.291014  0 -1 0  0.616663  0.449553
    0  -7.248141  -0.35  0 -1 0  0.75  0.49
    -0.19445  -7.248141  -0.291014  0 -1 0  0.616663  0.449553
    -0.133939  -7.248141  -0.323358  0 -1 0  0.658156  0.471731
    0  -7.248141  -0.35  0 -1 0  0.75  0.49
    -0.133939  -7.248141  -0.323358  0 -1 0  0.658156  0.471731
    -0.068282  -7.248141  -0.343275  0 -1 0  0.703178  0.485388
