      0.000000 -1.000000 0.000000   0.000000 -1.000000 0.000000   0.181819 0.000000  
      0.723607 -0.447220 0.525725   0.723606 -0.447219 0.525728   0.193183 0.019683  
      -0.276388 -0.447220 0.850649   -0.276388 -0.447221 0.850649   0.170455 0.019683  
      -0.894426 -0.447216 0.000000   -0.894427 -0.447215 0.000000   0.272728 0.157461  
      -0.276388 -0.447220 -0.850649   -0.276388 -0.447221 -0.850649   0.284092 0.137778  
      0.723607 -0.447220 -0.525725   0.723608 -0.447218 -0.525726   0.295455 0.157461  
      0.276388 0.447220 0.850649   0.276388 0.447221 0.850649   0.909091 0.000000  
      -0.723607 0.447220 0.525725   -0.723608 0.447218 0.525726   0.920455 0.019683  
      -0.723607 0.447220 -0.525725   -0.723606 0.447219 -0.525728   0.897727 0.019683  
      0.276388 0.447220 -0.850649   0.276388 0.447221 -0.850649   0.727273 0.000000  
      0.894426 0.447216 0.000000   0.894427 0.447215 0.000000   0.738637 0.019683  
      0.000000 1.000000 0.000000   0.000000 1.000000 0.000000   0.715909 0.019683  
      -0.257937 -0.550685 0.793860   -0.257728 -0.551714 0.793214   0.545455 0.000000  
      -0.232822 -0.657519 0.716563   -0.232543 -0.658554 0.715703   0.556819 0.019683  
      -0.200688 -0.760403 0.617666   -0.200476 -0.760994 0.617007   0.534091 0.019683  
      -0.162456 -0.850654 0.499995   -0.162457 -0.850654 0.499996   0.284092 0.177143  
      -0.120413 -0.920955 0.370598   -0.120673 -0.920599 0.371398   0.090910 0.157461  
      -0.077607 -0.967950 0.238853   -0.078019 -0.967604 0.240118   0.113637 0.157461  
      -0.036848 -0.992865 0.113408   -0.037226 -0.992717 0.114572   0.102274 0.177143  
      0.096471 -0.992865 0.070089   0.097460 -0.992717 0.070809   0.818182 0.157461  
      0.203181 -0.967950 0.147618   0.204257 -0.967603 0.148401   0.840909 0.157461  
      0.315251 -0.920955 0.229040   0.315929 -0.920599 0.229535   0.829546 0.177143  
      0.425323 -0.850654 0.309011   0.425323 -0.850653 0.309014   0.636364 0.157461  
      0.525420 -0.760403 0.381735   0.524859 -0.760994 0.381329   0.659091 0.157461  
      0.609547 -0.657519 0.442856   0.608815 -0.658553 0.442325   0.647728 0.177143  
      0.675300 -0.550685 0.490628   0.674750 -0.551712 0.490232   0.454546 0.157461  
      0.638452 -0.476987 0.604038   0.637526 -0.477259 0.604802   0.477273 0.157461  
      0.531941 -0.502302 0.681712   0.530797 -0.502514 0.682447   0.465910 0.177143  
      0.405008 -0.519572 0.752338   0.404190 -0.519644 0.752728   0.261364 0.177143  
      0.262869 -0.525738 0.809012   0.262868 -0.525736 0.809013   0.079546 0.177143  
      0.114564 -0.519572 0.846711   0.115455 -0.519645 0.846545   0.806818 0.177143  
      -0.029639 -0.502302 0.864184   -0.028282 -0.502517 0.864105   0.625000 0.177143  
      -0.161465 -0.476988 0.863951   -0.160267 -0.477260 0.864024   0.443182 0.177143  
      0.771771 -0.476987 -0.420539   0.772211 -0.477259 -0.419421   0.181819 0.314921  
      0.812729 -0.502301 -0.295238   0.813073 -0.502515 -0.293923   0.204546 0.314921  
      0.840673 -0.519571 -0.152694   0.840790 -0.519644 -0.151796   0.193183 0.334604  
      0.850648 -0.525736 0.000000   0.850649 -0.525734 0.000000   0.000000 0.314921  
      0.840673 -0.519571 0.152694   0.840791 -0.519642 0.151795   0.022727 0.314921  
      0.812729 -0.502301 0.295238   0.813075 -0.502512 0.293924   0.011364 0.334604  
      0.771771 -0.476987 0.420539   0.772212 -0.477258 0.419421   0.727273 0.314921  
      0.096471 -0.992865 -0.070089   0.097460 -0.992717 -0.070809   0.750000 0.314921  
      0.203181 -0.967950 -0.147618   0.204258 -0.967604 -0.148399   0.738637 0.334604  
      0.315251 -0.920955 -0.229040   0.315932 -0.920599 -0.229532   0.545455 0.314921  
      0.425323 -0.850654 -0.309011   0.425323 -0.850654 -0.309010   0.568182 0.314921  
      0.525420 -0.760403 -0.381735   0.524860 -0.760993 -0.381329   0.556819 0.334604  
      0.609547 -0.657519 -0.442856   0.608814 -0.658554 -0.442325   0.363637 0.314921  
      0.675300 -0.550685 -0.490628   0.674750 -0.551713 -0.490229   0.386364 0.314921  
      -0.834716 -0.550681 0.000000   -0.834036 -0.551709 0.000000   0.375001 0.334604  
      -0.753442 -0.657515 0.000000   -0.752536 -0.658552 -0.000001   0.443182 0.452699  
      -0.649456 -0.760399 0.000000   -0.648765 -0.760989 -0.000001   0.465910 0.452699  
      -0.525730 -0.850652 0.000000   -0.525728 -0.850653 0.000001   0.454546 0.472382  
      -0.389673 -0.920953 0.000000   -0.390511 -0.920598 0.000001   0.431819 0.433017  
      -0.251147 -0.967949 0.000000   -0.252478 -0.967603 0.000000   0.454546 0.433017  
      -0.119245 -0.992865 0.000000   -0.120469 -0.992717 0.000000   0.420455 0.413334  
      -0.377183 -0.476988 0.793861   -0.378195 -0.477260 0.793216   0.443182 0.413334  
      -0.483971 -0.502302 0.716565   -0.485023 -0.502513 0.715705   0.409092 0.393652  
      -0.590366 -0.519572 0.617668   -0.590989 -0.519644 0.617010   0.431819 0.393652  
      -0.688189 -0.525736 0.499997   -0.688189 -0.525738 0.499996   0.397728 0.373969  
      -0.769872 -0.519570 0.370600   -0.769438 -0.519643 0.371398   0.420455 0.373969  
      -0.831051 -0.502299 0.238853   -0.830557 -0.502510 0.240121   0.386364 0.354286  
      -0.871565 -0.476984 0.113408   -0.871264 -0.477255 0.114572   0.409091 0.354286  
      -0.257937 -0.550685 -0.793860   -0.257728 -0.551714 -0.793214   0.397728 0.334604  
      -0.232822 -0.657519 -0.716563   -0.232543 -0.658554 -0.715703   0.477273 0.433017  
      -0.200688 -0.760403 -0.617666   -0.200475 -0.760994 -0.617008   0.465910 0.413334  
      -0.162456 -0.850654 -0.499995   -0.162456 -0.850654 -0.499996   0.488637 0.413334  
      -0.120413 -0.920955 -0.370598   -0.120672 -0.920599 -0.371398   0.454546 0.393652  
      -0.077607 -0.967950 -0.238853   -0.078017 -0.967604 -0.240118   0.477273 0.393652  
      -0.036848 -0.992865 -0.113408   -0.037226 -0.992717 -0.114572   0.500000 0.393652  
      -0.871565 -0.476984 -0.113408   -0.871264 -0.477255 -0.114572   0.443182 0.373969  
      -0.831051 -0.502299 -0.238853   -0.830557 -0.502511 -0.240121   0.465910 0.373969  
      -0.769872 -0.519570 -0.370600   -0.769438 -0.519643 -0.371398   0.488637 0.373969  
      -0.688189 -0.525736 -0.499997   -0.688189 -0.525738 -0.499996   0.511364 0.373969  
      -0.590366 -0.519572 -0.617668   -0.590989 -0.519644 -0.617010   0.431819 0.354286  
      -0.483971 -0.502302 -0.716565   -0.485023 -0.502514 -0.715705   0.454546 0.354286  
      -0.377183 -0.476988 -0.793861   -0.378195 -0.477261 -0.793216   0.477273 0.354286  
      -0.161465 -0.476988 -0.863951   -0.160266 -0.477259 -0.864025   0.500000 0.354286  
      -0.029639 -0.502302 -0.864184   -0.028285 -0.502513 -0.864107   0.522728 0.354286  
      0.114564 -0.519573 -0.846711   0.115455 -0.519644 -0.846546   0.420455 0.334604  
      0.262869 -0.525738 -0.809012   0.262870 -0.525737 -0.809012   0.443182 0.334604  
      0.405008 -0.519572 -0.752338   0.404191 -0.519646 -0.752727   0.465910 0.334604  
      0.531941 -0.502302 -0.681712   0.530796 -0.502514 -0.682448   0.488637 0.334604  
      0.638453 -0.476987 -0.604038   0.637525 -0.477258 -0.604803   0.511364 0.334604  
      0.931188 0.357738 0.070089   0.931499 0.356786 0.070809   0.534091 0.334604  
      0.956626 0.251149 0.147618   0.956797 0.250031 0.148402   0.409091 0.314921  
      0.964711 0.129893 0.229041   0.964697 0.129127 0.229535   0.431819 0.314921  
      0.951058 -0.000000 0.309013   0.951058 -0.000000 0.309012   0.454546 0.314921  
      0.915098 -0.129893 0.381737   0.915375 -0.129127 0.381332   0.477273 0.314921  
      0.860698 -0.251151 0.442858   0.861296 -0.250031 0.442328   0.500000 0.314921  
      0.794547 -0.357741 0.490629   0.795219 -0.356790 0.490232   0.522728 0.314921  
      0.794547 -0.357741 -0.490629   0.795219 -0.356789 -0.490233   0.625000 0.452699  
      0.860698 -0.251151 -0.442858   0.861296 -0.250031 -0.442329   0.647728 0.452699  
      0.915098 -0.129893 -0.381737   0.915376 -0.129126 -0.381332   0.636364 0.472382  
      0.951058 0.000000 -0.309013   0.951058 0.000001 -0.309013   0.613637 0.433017  
      0.964711 0.129893 -0.229041   0.964697 0.129127 -0.229535   0.636364 0.433017  
      0.956626 0.251149 -0.147618   0.956798 0.250031 -0.148401   0.602273 0.413334  
      0.931188 0.357738 -0.070089   0.931499 0.356786 -0.070808   0.625000 0.413334  
      0.221089 0.357741 0.907271   0.220502 0.356791 0.907788   0.590910 0.393652  
      0.155215 0.251152 0.955422   0.154524 0.250032 0.955828   0.613637 0.393652  
      0.080276 0.129894 0.988273   0.079804 0.129129 0.988411   0.579546 0.373969  
      -0.000000 -0.000000 1.000000   0.000000 0.000000 1.000000   0.602273 0.373969  
      -0.080276 -0.129894 0.988273   -0.079804 -0.129129 0.988411   0.568182 0.354286  
      -0.155215 -0.251152 0.955422   -0.154525 -0.250032 0.955827   0.590909 0.354286  
      -0.221089 -0.357741 0.907271   -0.220503 -0.356790 0.907788   0.579546 0.334604  
      0.712150 -0.357741 0.604039   0.711979 -0.356790 0.604802   0.659091 0.433017  
      0.687159 -0.251152 0.681715   0.686838 -0.250034 0.682449   0.647728 0.413334  
      0.645839 -0.129894 0.752343   0.645538 -0.129130 0.752732   0.670455 0.413334  
      0.587786 0.000000 0.809017   0.587787 -0.000001 0.809016   0.636364 0.393652  
      0.515946 0.129894 0.846716   0.516409 0.129129 0.846550   0.659091 0.393652  
      0.436007 0.251152 0.864188   0.436803 0.250033 0.864110   0.681818 0.393652  
      0.354409 0.357742 0.863953   0.355188 0.356791 0.864026   0.625000 0.373969  
      -0.794547 0.357741 0.490629   -0.795218 0.356790 0.490233   0.647728 0.373969  
      -0.860698 0.251151 0.442858   -0.861297 0.250031 0.442326   0.670455 0.373969  
      -0.915098 0.129893 0.381737   -0.915376 0.129128 0.381331   0.693182 0.373969  
      -0.951058 -0.000000 0.309013   -0.951058 -0.000001 0.309013   0.613637 0.354286  
      -0.964711 -0.129893 0.229041   -0.964697 -0.129126 0.229535   0.636364 0.354286  
      -0.956626 -0.251149 0.147618   -0.956797 -0.250032 0.148401   0.659091 0.354286  
      -0.931188 -0.357738 0.070089   -0.931499 -0.356786 0.070810   0.681818 0.354286  
      -0.354409 -0.357742 0.863953   -0.355189 -0.356790 0.864026   0.704546 0.354286  
      -0.436007 -0.251152 0.864188   -0.436803 -0.250034 0.864110   0.602273 0.334604  
      -0.515946 -0.129894 0.846716   -0.516409 -0.129130 0.846550   0.625000 0.334604  
      -0.587786 0.000000 0.809017   -0.587786 0.000003 0.809017   0.647728 0.334604  
      -0.645839 0.129894 0.752342   -0.645537 0.129131 0.752733   0.670455 0.334604  
      -0.687159 0.251152 0.681715   -0.686838 0.250031 0.682450   0.693182 0.334604  
      -0.712150 0.357741 0.604039   -0.711980 0.356789 0.604802   0.715909 0.334604  
      -0.712150 0.357741 -0.604039   -0.711979 0.356790 -0.604802   0.590909 0.314921  
      -0.687159 0.251152 -0.681715   -0.686840 0.250032 -0.682448   0.613637 0.314921  
      -0.645839 0.129894 -0.752343   -0.645540 0.129129 -0.752731   0.636364 0.314921  
      -0.587786 -0.000000 -0.809017   -0.587786 -0.000000 -0.809017   0.659091 0.314921  
      -0.515946 -0.129894 -0.846716   -0.516409 -0.129129 -0.846550   0.681819 0.314921  
      -0.436007 -0.251152 -0.864188   -0.436803 -0.250035 -0.864110   0.704546 0.314921  
      -0.354409 -0.357742 -0.863953   -0.355189 -0.356790 -0.864026   0.806818 0.452699  
      -0.931188 -0.357738 -0.070089   -0.931499 -0.356786 -0.070810   0.829546 0.452699  
      -0.956626 -0.251149 -0.147618   -0.956797 -0.250032 -0.148404   0.818182 0.472382  
      -0.964711 -0.129893 -0.229041   -0.964697 -0.129128 -0.229535   0.795455 0.433017  
      -0.951058 0.000000 -0.309013   -0.951058 -0.000001 -0.309012   0.818182 0.433017  
      -0.915098 0.129893 -0.381737   -0.915376 0.129127 -0.381331   0.784091 0.413334  
      -0.860698 0.251151 -0.442858   -0.861296 0.250032 -0.442327   0.806818 0.413334  
      -0.794547 0.357741 -0.490629   -0.795219 0.356790 -0.490232   0.772727 0.393652  
      0.354409 0.357742 -0.863953   0.355188 0.356791 -0.864026   0.795455 0.393652  
      0.436007 0.251152 -0.864188   0.436804 0.250033 -0.864110   0.761364 0.373969  
      0.515946 0.129894 -0.846716   0.516410 0.129130 -0.846550   0.784091 0.373969  
      0.587786 -0.000000 -0.809017   0.587787 -0.000002 -0.809015   0.750000 0.354286  
      0.645839 -0.129894 -0.752342   0.645539 -0.129129 -0.752732   0.772727 0.354286  
      0.687159 -0.251152 -0.681715   0.686838 -0.250033 -0.682449   0.761364 0.334604  
      0.712150 -0.357741 -0.604039   0.711980 -0.356788 -0.604803   0.840909 0.433017  
      -0.221089 -0.357741 -0.907271   -0.220500 -0.356790 -0.907789   0.829546 0.413334  
      -0.155215 -0.251152 -0.955422   -0.154523 -0.250036 -0.955827   0.852273 0.413334  
      -0.080276 -0.129894 -0.988273   -0.079802 -0.129129 -0.988412   0.818182 0.393652  
      0.000000 0.000000 -1.000000   0.000000 0.000000 -1.000000   0.840909 0.393652  
      0.080276 0.129894 -0.988273   0.079804 0.129129 -0.988411   0.863636 0.393652  
      0.155215 0.251152 -0.955422   0.154524 0.250032 -0.955828   0.806818 0.373969  
      0.221089 0.357741 -0.907271   0.220502 0.356791 -0.907788   0.829546 0.373969  
      0.871565 0.476984 0.113408   0.871265 0.477254 0.114571   0.852273 0.373969  
      0.831051 0.502299 0.238853   0.830557 0.502510 0.240122   0.875000 0.373969  
      0.769872 0.519570 0.370600   0.769438 0.519642 0.371399   0.795455 0.354286  
      0.688189 0.525736 0.499997   0.688190 0.525735 0.499997   0.818182 0.354286  
      0.590366 0.519572 0.617668   0.590990 0.519644 0.617009   0.840909 0.354286  
      0.483971 0.502302 0.716565   0.485022 0.502515 0.715703   0.863636 0.354286  
      0.377183 0.476988 0.793861   0.378194 0.477260 0.793216   0.886364 0.354286  
      0.161465 0.476988 0.863951   0.160267 0.477259 0.864024   0.784091 0.334604  
      0.029639 0.502302 0.864184   0.028282 0.502514 0.864106   0.806818 0.334604  
      -0.114564 0.519573 0.846711   -0.115454 0.519645 0.846545   0.829546 0.334604  
      -0.262869 0.525738 0.809012   -0.262871 0.525738 0.809011   0.852273 0.334604  
      -0.405008 0.519572 0.752338   -0.404191 0.519645 0.752728   0.875000 0.334604  
      -0.531941 0.502302 0.681712   -0.530794 0.502515 0.682448   0.897727 0.334604  
      -0.638453 0.476987 0.604038   -0.637526 0.477259 0.604801   0.772727 0.314921  
      -0.771771 0.476987 0.420539   -0.772210 0.477260 0.419421   0.795455 0.314921  
      -0.812729 0.502301 0.295238   -0.813074 0.502515 0.293922   0.818182 0.314921  
      -0.840673 0.519571 0.152694   -0.840790 0.519644 0.151796   0.840909 0.314921  
      -0.850648 0.525736 -0.000000   -0.850648 0.525736 0.000000   0.863636 0.314921  
      -0.840673 0.519571 -0.152694   -0.840789 0.519645 -0.151795   0.886364 0.314921  
      -0.812729 0.502301 -0.295238   -0.813073 0.502515 -0.293924   0.909091 0.314921  
      -0.771771 0.476987 -0.420539   -0.772211 0.477259 -0.419421   0.079546 0.452699  
      -0.638452 0.476987 -0.604038   -0.637526 0.477259 -0.604801   0.102274 0.452699  
      -0.531941 0.502302 -0.681712   -0.530795 0.502516 -0.682447   0.090910 0.472382  
      -0.405008 0.519572 -0.752338   -0.404192 0.519646 -0.752727   0.068182 0.433017  
      -0.262869 0.525738 -0.809012   -0.262869 0.525738 -0.809011   0.090910 0.433017  
      -0.114564 0.519572 -0.846711   -0.115454 0.519645 -0.846546   0.056819 0.413334  
      0.029639 0.502302 -0.864184   0.028282 0.502515 -0.864106   0.079546 0.413334  
      0.161465 0.476988 -0.863951   0.160267 0.477260 -0.864024   0.045455 0.393652  
      0.377183 0.476988 -0.793861   0.378194 0.477260 -0.793216   0.068182 0.393652  
      0.483971 0.502302 -0.716565   0.485022 0.502515 -0.715703   0.034091 0.373969  
      0.590366 0.519572 -0.617668   0.590989 0.519645 -0.617009   0.056819 0.373969  
      0.688189 0.525736 -0.499997   0.688190 0.525736 -0.499997   0.022727 0.354286  
      0.769872 0.519570 -0.370600   0.769438 0.519642 -0.371399   0.045455 0.354286  
      0.831051 0.502299 -0.238853   0.830557 0.502511 -0.240122   0.034091 0.334604  
      0.871565 0.476984 -0.113408   0.871264 0.477255 -0.114570   0.113637 0.433017  
      0.036848 0.992865 0.113408   0.037225 0.992718 0.114569   0.102274 0.413334  
      0.077607 0.967950 0.238853   0.078018 0.967603 0.240119   0.125001 0.413334  
      0.120413 0.920955 0.370598   0.120672 0.920599 0.371398   0.090910 0.393652  
      0.162456 0.850654 0.499995   0.162455 0.850655 0.499995   0.113637 0.393652  
      0.200688 0.760403 0.617666   0.200475 0.760993 0.617008   0.136365 0.393652  
      0.232822 0.657519 0.716563   0.232543 0.658555 0.715702   0.079546 0.373969  
      0.257937 0.550685 0.793860   0.257728 0.551713 0.793214   0.102273 0.373969  
      0.834716 0.550681 0.000000   0.834037 0.551708 -0.000000   0.125001 0.373969  
      0.753442 0.657515 0.000000   0.752535 0.658552 0.000000   0.147728 0.373969  
      0.649456 0.760399 0.000000   0.648763 0.760991 0.000000   0.068182 0.354286  
      0.525730 0.850652 0.000000   0.525730 0.850651 0.000000   0.090910 0.354286  
      0.389673 0.920953 0.000000   0.390509 0.920599 0.000000   0.113637 0.354286  
      0.251147 0.967949 0.000000   0.252481 0.967602 0.000000   0.136364 0.354286  
      0.119245 0.992865 0.000000   0.120467 0.992717 0.000000   0.159092 0.354286  
      -0.096471 0.992865 0.070089   -0.097461 0.992717 0.070807   0.056819 0.334604  
      -0.203181 0.967950 0.147618   -0.204260 0.967603 0.148399   0.079546 0.334604  
      -0.315251 0.920955 0.229040   -0.315929 0.920599 0.229534   0.102273 0.334604  
      -0.425323 0.850654 0.309011   -0.425323 0.850654 0.309013   0.125001 0.334604  
      -0.525420 0.760403 0.381735   -0.524859 0.760994 0.381329   0.147728 0.334604  
      -0.609547 0.657519 0.442856   -0.608814 0.658554 0.442325   0.170455 0.334604  
      -0.675300 0.550685 0.490628   -0.674750 0.551713 0.490229   0.045455 0.314921  
      -0.096471 0.992865 -0.070089   -0.097461 0.992717 -0.070807   0.068182 0.314921  
      -0.203181 0.967950 -0.147618   -0.204260 0.967603 -0.148399   0.090910 0.314921  
      -0.315251 0.920955 -0.229040   -0.315929 0.920599 -0.229534   0.113637 0.314921  
      -0.425323 0.850654 -0.309011   -0.425323 0.850654 -0.309013   0.136364 0.314921  
      -0.525420 0.760403 -0.381735   -0.524858 0.760994 -0.381329   0.159092 0.314921  
      -0.609547 0.657519 -0.442856   -0.608814 0.658554 -0.442327   0.261364 0.452699  
      -0.675300 0.550685 -0.490628   -0.674750 0.551712 -0.490230   0.284092 0.452699  
      0.036848 0.992865 -0.113408   0.037225 0.992718 -0.114569   0.272728 0.472382  
      0.077607 0.967950 -0.238853   0.078018 0.967603 -0.240119   0.250001 0.433017  
      0.120413 0.920955 -0.370598   0.120672 0.920599 -0.371398   0.272728 0.433017  
      0.162456 0.850654 -0.499995   0.162455 0.850655 -0.499995   0.238637 0.413334  
      0.200688 0.760403 -0.617666   0.200475 0.760993 -0.617008   0.261364 0.413334  
      0.232822 0.657519 -0.716563   0.232542 0.658554 -0.715703   0.227273 0.393652  
      0.257937 0.550685 -0.793860   0.257727 0.551713 -0.793214   0.250001 0.393652  
      0.166198 0.978672 -0.120749   0.173142 0.976831 -0.125793   0.215910 0.373969  
      0.307167 0.943208 -0.126518   0.311778 0.940946 -0.131971   0.238637 0.373969  
      0.215245 0.943209 -0.253036   0.221858 0.940946 -0.255735   0.204546 0.354286  
      0.451375 0.882854 -0.129731   0.452680 0.881332 -0.135404   0.227273 0.354286  
      0.361800 0.894429 -0.262863   0.365245 0.892287 -0.265367   0.215910 0.334604  
      0.262862 0.882855 -0.389192   0.268660 0.881333 -0.388681   0.295455 0.433017  
      0.587783 0.798549 -0.129731   0.585839 0.799036 -0.135403   0.284092 0.413334  
      0.506729 0.819912 -0.266403   0.506377 0.819342 -0.268813   0.306819 0.413334  
      0.409951 0.819913 -0.399604   0.412135 0.819344 -0.398524   0.272728 0.393652  
      0.305014 0.798552 -0.518924   0.309806 0.799039 -0.515321   0.295455 0.393652  
      0.706258 0.696558 -0.126519   0.702172 0.699670 -0.131972   0.318182 0.393652  
      0.638194 0.723610 -0.262864   0.634736 0.725734 -0.265368   0.261364 0.373969  
      0.550008 0.733353 -0.399605   0.548523 0.735050 -0.398526   0.284092 0.373969  
      0.447209 0.723612 -0.525728   0.448523 0.725734 -0.521668   0.306819 0.373969  
      0.338569 0.696561 -0.632593   0.342493 0.699670 -0.627025   0.329546 0.373969  
      0.801022 0.586331 -0.120750   0.796270 0.591718 -0.125795   0.250001 0.354286  
      0.747366 0.614342 -0.253038   0.742386 0.619243 -0.255737   0.272728 0.354286  
      0.672087 0.629942 -0.389194   0.668132 0.634448 -0.388684   0.295455 0.354286  
      0.577830 0.629943 -0.518926   0.576123 0.634449 -0.515322   0.318182 0.354286  
      0.471599 0.614344 -0.632594   0.472626 0.619246 -0.627024   0.340910 0.354286  
      0.362366 0.586334 -0.724502   0.365695 0.591721 -0.718424   0.238637 0.334604  
      -0.063483 0.978672 -0.195376   -0.066135 0.976831 -0.203538   0.261364 0.334604  
      -0.025408 0.943209 -0.331227   -0.029170 0.940946 -0.337298   0.284092 0.334604  
      -0.174138 0.943209 -0.282901   -0.174662 0.940946 -0.290024   0.306819 0.334604  
      0.016098 0.882855 -0.469369   0.011108 0.881334 -0.472363   0.329546 0.334604  
      -0.138197 0.894430 -0.425319   -0.139513 0.892288 -0.429369   0.352273 0.334604  
      -0.288916 0.882855 -0.370262   -0.286639 0.881334 -0.375619   0.227274 0.314921  
      0.058250 0.798552 -0.599101   0.052255 0.799039 -0.599004   0.250001 0.314921  
      -0.096779 0.819914 -0.564248   -0.099179 0.819344 -0.564658   0.272728 0.314921  
      -0.253366 0.819914 -0.513369   -0.251666 0.819344 -0.515110   0.295455 0.314921  
      -0.399272 0.798552 -0.450440   -0.394365 0.799039 -0.453886   0.318183 0.314921  
      0.097915 0.696561 -0.710785   0.091467 0.699671 -0.708586   0.340910 0.314921  
      -0.052790 0.723612 -0.688185   -0.056238 0.725735 -0.685672   0.375001 0.295238  
      -0.210088 0.733355 -0.646571   -0.209521 0.735051 -0.644826   0.386364 0.275556  
      -0.361804 0.723612 -0.587778   -0.357538 0.725734 -0.587772   0.397728 0.295238  
      -0.497009 0.696561 -0.517479   -0.490499 0.699671 -0.519492   0.397728 0.255874  
      0.132684 0.586334 -0.799129   0.126420 0.591721 -0.796169   0.409092 0.275556  
      -0.009708 0.614345 -0.788978   -0.013814 0.619245 -0.785076   0.409092 0.236191  
      -0.162463 0.629944 -0.759458   -0.163198 0.634450 -0.755540   0.420455 0.255874  
      -0.314971 0.629944 -0.709904   -0.312075 0.634449 -0.707165   0.420455 0.216509  
      -0.455902 0.614344 -0.643998   -0.450287 0.619245 -0.643255   0.431819 0.236191  
      -0.577066 0.586334 -0.568513   -0.570256 0.591721 -0.569802   0.431819 0.196826  
      -0.205432 0.978671 0.000000   -0.214016 0.976830 0.000000   0.443182 0.216509  
      -0.322868 0.943208 -0.078192   -0.329802 0.940947 -0.076486   0.454546 0.196826  
      -0.322868 0.943208 0.078192   -0.329802 0.940947 0.076486   0.420455 0.295238  
      -0.441423 0.882855 -0.160354   -0.445815 0.881332 -0.156532   0.431819 0.275556  
      -0.447210 0.894429 0.000000   -0.451469 0.892287 -0.000000   0.443182 0.295238  
      -0.441423 0.882855 0.160354   -0.445815 0.881332 0.156532   0.443182 0.255874  
      -0.551779 0.798551 -0.240532   -0.553540 0.799039 -0.234798   0.454546 0.275556  
      -0.566539 0.819912 -0.082322   -0.567672 0.819343 -0.080164   0.465910 0.295238  
      -0.566539 0.819912 0.082322   -0.567672 0.819343 0.080164   0.454546 0.236191  
      -0.551779 0.798551 0.240532   -0.553541 0.799038 0.234799   0.465910 0.255874  
      -0.645740 0.696561 -0.312768   -0.645641 0.699671 -0.305955   0.477273 0.275556  
      -0.670817 0.723611 -0.162457   -0.669492 0.725735 -0.158399   0.488637 0.295238  
      -0.679848 0.733353 0.000000   -0.678011 0.735051 -0.000000   0.465910 0.216509  
      -0.670817 0.723611 0.162457   -0.669492 0.725734 0.158400   0.477273 0.236191  
      -0.645740 0.696560 0.312768   -0.645641 0.699671 0.305955   0.488637 0.255874  
      -0.719015 0.586334 -0.373135   -0.718137 0.591720 -0.366261   0.500000 0.275556  
      -0.753363 0.614343 -0.234576   -0.750922 0.619243 -0.229465   0.511364 0.295238  
      -0.772492 0.629942 -0.080177   -0.768993 0.634448 -0.078266   0.477273 0.196826  
      -0.772492 0.629942 0.080177   -0.768993 0.634448 0.078266   0.488637 0.216508  
      -0.753363 0.614343 0.234576   -0.750921 0.619244 0.229466   0.500000 0.236191  
      -0.719015 0.586334 0.373135   -0.718136 0.591721 0.366260   0.511364 0.255874  
      -0.063483 0.978672 0.195376   -0.066135 0.976831 0.203538   0.522728 0.275556  
      -0.174138 0.943209 0.282901   -0.174662 0.940946 0.290024   0.534091 0.295238  
      -0.025408 0.943209 0.331227   -0.029170 0.940946 0.337298   0.556819 0.295238  
      -0.288916 0.882855 0.370262   -0.286639 0.881334 0.375619   0.568182 0.275556  
      -0.138197 0.894430 0.425319   -0.139513 0.892288 0.429369   0.579546 0.295238  
      0.016098 0.882855 0.469369   0.011108 0.881334 0.472363   0.579546 0.255874  
      -0.399272 0.798552 0.450440   -0.394365 0.799039 0.453886   0.590910 0.275556  
      -0.253366 0.819914 0.513369   -0.251666 0.819344 0.515110   0.590910 0.236191  
      -0.096779 0.819914 0.564248   -0.099179 0.819344 0.564658   0.602273 0.255874  
      0.058250 0.798552 0.599101   0.052255 0.799039 0.599004   0.602273 0.216509  
      -0.497009 0.696561 0.517479   -0.490499 0.699672 0.519490   0.613637 0.236191  
      -0.361804 0.723612 0.587778   -0.357537 0.725735 0.587772   0.613637 0.196826  
      -0.210088 0.733355 0.646571   -0.209521 0.735051 0.644826   0.625000 0.216509  
      -0.052790 0.723612 0.688185   -0.056238 0.725735 0.685672   0.636364 0.196826  
      0.097915 0.696561 0.710785   0.091467 0.699673 0.708585   0.602273 0.295238  
      -0.577066 0.586334 0.568513   -0.570256 0.591722 0.569801   0.613637 0.275556  
      -0.455902 0.614345 0.643998   -0.450287 0.619245 0.643255   0.625000 0.295238  
      -0.314971 0.629944 0.709904   -0.312074 0.634450 0.707166   0.625000 0.255874  
      -0.162463 0.629944 0.759458   -0.163198 0.634451 0.755539   0.636364 0.275556  
      -0.009708 0.614345 0.788978   -0.013814 0.619246 0.785075   0.647728 0.295238  
      0.132684 0.586335 0.799129   0.126420 0.591721 0.796169   0.636364 0.236191  
      0.166198 0.978672 0.120749   0.173142 0.976831 0.125793   0.647728 0.255874  
      0.215245 0.943209 0.253036   0.221858 0.940946 0.255735   0.659091 0.275556  
      0.307167 0.943208 0.126518   0.311778 0.940946 0.131971   0.670455 0.295238  
      0.262862 0.882855 0.389192   0.268660 0.881333 0.388681   0.647728 0.216509  
      0.361800 0.894429 0.262863   0.365245 0.892287 0.265367   0.659091 0.236191  
      0.451375 0.882854 0.129731   0.452680 0.881332 0.135404   0.670455 0.255874  
      0.305014 0.798552 0.518924   0.309806 0.799039 0.515321   0.681818 0.275556  
      0.409951 0.819913 0.399604   0.412135 0.819344 0.398524   0.693182 0.295238  
      0.506729 0.819912 0.266403   0.506377 0.819342 0.268813   0.659091 0.196826  
      0.587783 0.798549 0.129731   0.585839 0.799036 0.135403   0.670455 0.216508  
      0.338569 0.696561 0.632593   0.342493 0.699670 0.627025   0.681818 0.236191  
      0.447209 0.723612 0.525728   0.448523 0.725734 0.521668   0.693182 0.255874  
      0.550008 0.733353 0.399605   0.548523 0.735050 0.398526   0.704546 0.275556  
      0.638194 0.723610 0.262864   0.634736 0.725734 0.265368   0.715909 0.295238  
      0.706258 0.696558 0.126519   0.702172 0.699670 0.131972   0.738637 0.295238  
      0.362366 0.586334 0.724502   0.365695 0.591721 0.718424   0.750000 0.275556  
      0.471599 0.614344 0.632594   0.472626 0.619246 0.627024   0.761364 0.295238  
      0.577830 0.629943 0.518926   0.576123 0.634449 0.515322   0.761364 0.255874  
      0.672087 0.629942 0.389194   0.668132 0.634448 0.388684   0.772727 0.275556  
      0.747366 0.614342 0.253038   0.742386 0.619243 0.255737   0.772727 0.236191  
      0.801022 0.586331 0.120750   0.796270 0.591718 0.125795   0.784091 0.255874  
      0.903740 0.380897 -0.195376   0.903280 0.377701 -0.203539   0.784091 0.216509  
      0.921508 0.266063 -0.282902   0.919719 0.264582 -0.290024   0.795455 0.236191  
      0.854992 0.399094 -0.331229   0.854651 0.394716 -0.337299   0.795455 0.196826  
      0.918856 0.136410 -0.370264   0.916477 0.137767 -0.375621   0.806818 0.216509  
      0.861804 0.276396 -0.425322   0.860476 0.274262 -0.429373   0.818182 0.196826  
      0.782446 0.409229 -0.469371   0.783318 0.404083 -0.472367   0.784091 0.295238  
      0.892805 -0.000000 -0.450443   0.891046 0.004607 -0.453890   0.795455 0.275556  
      0.846660 0.140059 -0.513372   0.845389 0.141326 -0.515115   0.806818 0.295238  
      0.776630 0.280118 -0.564251   0.777195 0.277717 -0.564661   0.806818 0.255874  
      0.688190 0.409230 -0.599104   0.691309 0.404083 -0.599006   0.818182 0.275556  
      0.845290 -0.133032 -0.517481   0.845160 -0.125817 -0.519494   0.829546 0.295238  
      0.809019 0.000000 -0.587782   0.809009 0.004766 -0.587776   0.818182 0.236191  
      0.749882 0.140059 -0.646576   0.751147 0.141325 -0.644829   0.829546 0.255874  
      0.670821 0.276397 -0.688189   0.674263 0.274262 -0.685675   0.840909 0.275556  
      0.579226 0.399096 -0.710788   0.584893 0.394718 -0.708589   0.852273 0.295238  
      0.782501 -0.253933 -0.568515   0.784274 -0.245432 -0.569805   0.829546 0.216509  
      0.753368 -0.133032 -0.644002   0.755241 -0.125818 -0.643258   0.840909 0.236191  
      0.704293 0.000000 -0.709909   0.707028 0.004606 -0.707171   0.852273 0.255874  
      0.636088 0.136411 -0.759463   0.640448 0.137768 -0.755544   0.863636 0.275556  
      0.553820 0.266065 -0.788982   0.560040 0.264585 -0.785080   0.875000 0.295238  
      0.465085 0.380900 -0.799132   0.472705 0.377704 -0.796172   0.840909 0.196826  
      0.093451 0.380900 -0.919882   0.085546 0.377704 -0.921966   0.852273 0.216508  
      0.015700 0.266064 -0.963827   0.008374 0.264584 -0.964326   0.863636 0.236191  
      -0.050816 0.399096 -0.915500   -0.056693 0.394719 -0.917051   0.875000 0.255874  
      -0.068205 0.136410 -0.988302   -0.074035 0.137768 -0.987694   0.886364 0.275556  
      -0.138198 0.276397 -0.951055   -0.142459 0.274262 -0.951045   0.897727 0.295238  
      -0.204615 0.409230 -0.889193   -0.207193 0.404084 -0.890947   0.011364 0.295238  
      -0.152509 -0.000000 -0.988302   -0.156329 0.004608 -0.987694   0.022727 0.275556  
      -0.226618 0.140059 -0.963861   -0.228668 0.141327 -0.963191   0.034091 0.295238  
      -0.296648 0.280118 -0.912981   -0.296863 0.277715 -0.913645   0.034091 0.255874  
      -0.357124 0.409230 -0.839639   -0.356070 0.404085 -0.842573   0.045455 0.275556  
      -0.230948 -0.133033 -0.963829   -0.232900 -0.125819 -0.964327   0.045455 0.236191  
      -0.309016 -0.000000 -0.951057   -0.309013 0.004768 -0.951046   0.056819 0.255874  
      -0.383207 0.140059 -0.912982   -0.381154 0.141326 -0.913646   0.056819 0.216509  
      -0.447215 0.276397 -0.850649   -0.443760 0.274262 -0.853145   0.068182 0.236191  
      -0.497012 0.399096 -0.770520   -0.493168 0.394722 -0.775229   0.068182 0.196826  
      -0.298885 -0.253934 -0.919883   -0.299563 -0.245437 -0.921967   0.079546 0.216509  
      -0.379680 -0.133033 -0.915503   -0.378394 -0.125820 -0.917054   0.090910 0.196826  
      -0.457527 -0.000000 -0.889196   -0.454077 0.004608 -0.890950   0.056819 0.295238  
      -0.525732 0.136410 -0.839642   -0.520657 0.137767 -0.842577   0.068182 0.275556  
      -0.579229 0.266065 -0.770522   -0.573595 0.264585 -0.775231   0.079546 0.295238  
      -0.616302 0.380900 -0.689266   -0.611132 0.377706 -0.695597   0.079546 0.255874  
      -0.845982 0.380899 -0.373136   -0.850406 0.377705 -0.366262   0.090910 0.275556  
      -0.911804 0.266063 -0.312769   -0.914542 0.264583 -0.305956   0.102273 0.295238  
      -0.886396 0.399095 -0.234577   -0.889687 0.394718 -0.229467   0.090910 0.236191  
      -0.961008 0.136410 -0.240533   -0.962232 0.137766 -0.234800   0.102273 0.255874  
      -0.947213 0.276396 -0.162458   -0.948520 0.274261 -0.158400   0.113637 0.275556  
      -0.908902 0.409229 -0.080178   -0.911368 0.404082 -0.078266   0.125001 0.295238  
      -0.987059 0.000000 -0.160355   -0.987662 0.004608 -0.156534   0.102274 0.216509  
      -0.986715 0.140059 -0.082322   -0.986712 0.141325 -0.080166   0.113637 0.236191  
      -0.959966 0.280117 0.000000   -0.960663 0.277716 -0.000001   0.125001 0.255874  
      -0.908902 0.409229 0.080178   -0.911368 0.404083 0.078267   0.136364 0.275556  
      -0.988023 -0.133031 -0.078192   -0.989100 -0.125817 -0.076490   0.147728 0.295238  
      -1.000000 0.000001 0.000000   -0.999989 0.004769 -0.000000   0.113637 0.196826  
      -0.986715 0.140059 0.082323   -0.986712 0.141325 0.080166   0.125001 0.216508  
      -0.947213 0.276397 0.162458   -0.948519 0.274263 0.158401   0.136365 0.236191  
      -0.886395 0.399095 0.234577   -0.889687 0.394719 0.229466   0.147728 0.255874  
      -0.967222 -0.253931 0.000000   -0.969414 -0.245432 0.000000   0.159092 0.275556  
      -0.988023 -0.133030 0.078193   -0.989100 -0.125817 0.076491   0.170455 0.295238  
      -0.987059 0.000001 0.160356   -0.987662 0.004608 0.156534   0.193183 0.295238  
      -0.961008 0.136411 0.240534   -0.962231 0.137767 0.234801   0.204546 0.275556  
      -0.911803 0.266065 0.312769   -0.914541 0.264585 0.305956   0.215910 0.295238  
      -0.845982 0.380900 0.373136   -0.850407 0.377705 0.366260   0.215910 0.255874  
      -0.616302 0.380900 0.689266   -0.611131 0.377703 0.695600   0.227274 0.275556  
      -0.579229 0.266064 0.770521   -0.573597 0.264582 0.775231   0.227273 0.236191  
      -0.497012 0.399096 0.770520   -0.493170 0.394721 0.775228   0.238637 0.255874  
      -0.525732 0.136410 0.839641   -0.520661 0.137768 0.842575   0.238637 0.216509  
      -0.447216 0.276397 0.850649   -0.443764 0.274262 0.853143   0.250001 0.236191  
      -0.357124 0.409230 0.839639   -0.356071 0.404086 0.842572   0.250001 0.196826  
      -0.457527 -0.000001 0.889196   -0.454077 0.004608 0.890950   0.261364 0.216509  
      -0.383208 0.140059 0.912982   -0.381157 0.141323 0.913645   0.272728 0.196826  
      -0.296649 0.280118 0.912981   -0.296863 0.277716 0.913644   0.238637 0.295238  
      -0.204616 0.409230 0.889193   -0.207194 0.404084 0.890947   0.250001 0.275556  
      -0.379681 -0.133033 0.915502   -0.378392 -0.125819 0.917055   0.261364 0.295238  
      -0.309017 -0.000001 0.951056   -0.309013 0.004764 0.951046   0.261364 0.255874  
      -0.226619 0.140059 0.963861   -0.228669 0.141324 0.963192   0.272728 0.275556  
      -0.138199 0.276397 0.951055   -0.142459 0.274262 0.951045   0.284092 0.295238  
      -0.050817 0.399096 0.915500   -0.056693 0.394718 0.917051   0.272728 0.236191  
      -0.298885 -0.253934 0.919883   -0.299563 -0.245433 0.921968   0.284092 0.255874  
      -0.230948 -0.133033 0.963828   -0.232902 -0.125818 0.964327   0.295455 0.275556  
      -0.152509 -0.000000 0.988302   -0.156332 0.004606 0.987694   0.306819 0.295238  
      -0.068206 0.136410 0.988302   -0.074035 0.137768 0.987694   0.284092 0.216509  
      0.015699 0.266064 0.963827   0.008374 0.264584 0.964326   0.295455 0.236191  
      0.093451 0.380900 0.919882   0.085545 0.377704 0.921966   0.306819 0.255874  
      0.465085 0.380900 0.799132   0.472704 0.377705 0.796172   0.318182 0.275556  
      0.553820 0.266064 0.788983   0.560041 0.264584 0.785079   0.329546 0.295238  
      0.579226 0.399096 0.710788   0.584894 0.394718 0.708588   0.295455 0.196826  
      0.636088 0.136410 0.759463   0.640449 0.137766 0.755543   0.306819 0.216508  
      0.670820 0.276396 0.688190   0.674264 0.274261 0.685674   0.318182 0.236191  
      0.688190 0.409229 0.599104   0.691309 0.404082 0.599007   0.329546 0.255874  
      0.704293 -0.000001 0.709909   0.707027 0.004608 0.707171   0.340910 0.275556  
      0.749882 0.140058 0.646576   0.751147 0.141326 0.644830   0.352273 0.295238  
      0.776630 0.280116 0.564252   0.777194 0.277715 0.564662   0.545455 0.275556  
      0.782446 0.409228 0.469372   0.783317 0.404082 0.472368   0.534091 0.255874  
      0.753368 -0.133034 0.644002   0.755241 -0.125820 0.643258   0.522728 0.236191  
      0.809019 -0.000002 0.587783   0.809009 0.004766 0.587777   0.511364 0.216508  
      0.846659 0.140057 0.513373   0.845389 0.141326 0.515117   0.500000 0.196826  
      0.861804 0.276394 0.425323   0.860476 0.274259 0.429375   0.488637 0.177143  
      0.854992 0.399093 0.331230   0.854651 0.394715 0.337300   0.556819 0.255874  
      0.782501 -0.253934 0.568515   0.784274 -0.245434 0.569804   0.545455 0.236191  
      0.845289 -0.133034 0.517482   0.845160 -0.125820 0.519493   0.568182 0.236191  
      0.892805 -0.000002 0.450444   0.891045 0.004605 0.453891   0.534091 0.216508  
      0.918856 0.136407 0.370266   0.916476 0.137766 0.375623   0.556819 0.216508  
      0.921508 0.266061 0.282904   0.919719 0.264581 0.290025   0.579546 0.216508  
      0.903740 0.380896 0.195377   0.903280 0.377700 0.203540   0.522728 0.196826  
      0.298886 0.253934 -0.919883   0.299563 0.245433 -0.921968   0.545455 0.196826  
      0.379681 0.133033 -0.915502   0.378392 0.125818 -0.917055   0.568182 0.196826  
      0.230948 0.133033 -0.963828   0.232902 0.125817 -0.964327   0.590909 0.196826  
      0.457527 -0.000000 -0.889196   0.454077 -0.004608 -0.890951   0.511364 0.177143  
      0.309017 -0.000000 -0.951056   0.309013 -0.004764 -0.951046   0.534091 0.177143  
      0.152509 0.000000 -0.988302   0.156332 -0.004606 -0.987694   0.556819 0.177143  
      0.525732 -0.136411 -0.839641   0.520660 -0.137769 -0.842575   0.579546 0.177143  
      0.383207 -0.140060 -0.912982   0.381156 -0.141327 -0.913645   0.602273 0.177143  
      0.226619 -0.140060 -0.963861   0.228670 -0.141326 -0.963191   0.500000 0.157461  
      0.068205 -0.136410 -0.988302   0.074035 -0.137767 -0.987694   0.522728 0.157461  
      0.579229 -0.266065 -0.770521   0.573597 -0.264584 -0.775230   0.545455 0.157461  
      0.447216 -0.276398 -0.850648   0.443762 -0.274261 -0.853145   0.568182 0.157461  
      0.296648 -0.280119 -0.912980   0.296864 -0.277718 -0.913644   0.590909 0.157461  
      0.138199 -0.276398 -0.951055   0.142462 -0.274263 -0.951044   0.613637 0.157461  
      -0.015699 -0.266065 -0.963827   -0.008376 -0.264585 -0.964326   0.727273 0.275556  
      0.616302 -0.380900 -0.689265   0.611132 -0.377704 -0.695599   0.715909 0.255874  
      0.497012 -0.399097 -0.770520   0.493171 -0.394720 -0.775228   0.704546 0.236191  
      0.357124 -0.409231 -0.839639   0.356068 -0.404084 -0.842574   0.693182 0.216508  
      0.204615 -0.409231 -0.889192   0.207195 -0.404084 -0.890947   0.681818 0.196826  
      0.050817 -0.399097 -0.915500   0.056692 -0.394720 -0.917051   0.670455 0.177143  
      -0.093451 -0.380900 -0.919881   -0.085547 -0.377705 -0.921966   0.738637 0.255874  
      -0.782501 0.253934 -0.568515   -0.784273 0.245434 -0.569805   0.727273 0.236191  
      -0.753368 0.133032 -0.644002   -0.755241 0.125819 -0.643257   0.750000 0.236191  
      -0.845290 0.133032 -0.517482   -0.845160 0.125817 -0.519495   0.715909 0.216508  
      -0.704293 -0.000000 -0.709910   -0.707028 -0.004608 -0.707170   0.738637 0.216508  
      -0.809018 -0.000000 -0.587783   -0.809009 -0.004766 -0.587777   0.761364 0.216508  
      -0.892805 0.000000 -0.450444   -0.891045 -0.004607 -0.453891   0.704546 0.196826  
      -0.636087 -0.136411 -0.759464   -0.640447 -0.137768 -0.755544   0.727273 0.196826  
      -0.749881 -0.140059 -0.646577   -0.751147 -0.141327 -0.644830   0.750000 0.196826  
      -0.846659 -0.140059 -0.513374   -0.845387 -0.141327 -0.515118   0.772727 0.196826  
      -0.918856 -0.136410 -0.370265   -0.916476 -0.137768 -0.375621   0.693182 0.177143  
      -0.553819 -0.266065 -0.788983   -0.560038 -0.264587 -0.785080   0.715909 0.177143  
      -0.670819 -0.276397 -0.688191   -0.674262 -0.274262 -0.685676   0.738637 0.177143  
      -0.776628 -0.280118 -0.564253   -0.777193 -0.277715 -0.564663   0.761364 0.177143  
      -0.861803 -0.276396 -0.425324   -0.860475 -0.274262 -0.429375   0.784091 0.177143  
      -0.921507 -0.266063 -0.282904   -0.919718 -0.264584 -0.290024   0.681818 0.157461  
      -0.465084 -0.380900 -0.799132   -0.472705 -0.377705 -0.796171   0.704546 0.157461  
      -0.579224 -0.399096 -0.710789   -0.584890 -0.394719 -0.708591   0.727273 0.157461  
      -0.688189 -0.409230 -0.599106   -0.691307 -0.404083 -0.599009   0.750000 0.157461  
      -0.782445 -0.409229 -0.469374   -0.783317 -0.404082 -0.472368   0.772727 0.157461  
      -0.854991 -0.399094 -0.331231   -0.854651 -0.394716 -0.337299   0.795455 0.157461  
      -0.903739 -0.380897 -0.195378   -0.903280 -0.377700 -0.203541   0.920455 0.295238  
      -0.782501 0.253934 0.568515   -0.784273 0.245434 0.569805   0.909091 0.275556  
      -0.845290 0.133032 0.517482   -0.845160 0.125817 0.519495   0.897727 0.255874  
      -0.753368 0.133032 0.644002   -0.755241 0.125819 0.643258   0.886364 0.236191  
      -0.892805 -0.000000 0.450444   -0.891045 -0.004607 0.453891   0.875000 0.216508  
      -0.809018 0.000000 0.587783   -0.809009 -0.004766 0.587777   0.863636 0.196826  
      -0.704293 0.000000 0.709910   -0.707028 -0.004606 0.707171   0.852273 0.177143  
      -0.918856 -0.136410 0.370265   -0.916476 -0.137766 0.375622   0.931818 0.275556  
      -0.846659 -0.140059 0.513374   -0.845388 -0.141326 0.515118   0.920455 0.255874  
      -0.749881 -0.140059 0.646577   -0.751146 -0.141326 0.644830   0.943182 0.255874  
      -0.636087 -0.136411 0.759464   -0.640447 -0.137768 0.755544   0.909091 0.236191  
      -0.921508 -0.266063 0.282904   -0.919718 -0.264584 0.290024   0.931818 0.236191  
      -0.861803 -0.276396 0.425324   -0.860475 -0.274262 0.429375   0.954545 0.236191  
      -0.776629 -0.280118 0.564253   -0.777193 -0.277715 0.564663   0.897727 0.216508  
      -0.670819 -0.276397 0.688191   -0.674261 -0.274262 0.685677   0.920455 0.216508  
      -0.553819 -0.266065 0.788983   -0.560038 -0.264587 0.785080   0.943182 0.216508  
      -0.903739 -0.380897 0.195378   -0.903279 -0.377701 0.203540   0.965909 0.216509  
      -0.854991 -0.399094 0.331231   -0.854651 -0.394717 0.337299   0.886364 0.196826  
      -0.782445 -0.409229 0.469374   -0.783317 -0.404083 0.472367   0.909091 0.196826  
      -0.688189 -0.409230 0.599106   -0.691306 -0.404084 0.599009   0.931818 0.196826  
      -0.579224 -0.399096 0.710789   -0.584890 -0.394719 0.708591   0.954545 0.196826  
      -0.465084 -0.380900 0.799132   -0.472705 -0.377705 0.796171   0.977273 0.196826  
      0.298886 0.253934 0.919883   0.299563 0.245433 0.921968   0.875000 0.177143  
      0.230948 0.133032 0.963828   0.232902 0.125817 0.964327   0.897727 0.177143  
      0.379681 0.133033 0.915502   0.378392 0.125818 0.917055   0.920455 0.177143  
      0.152509 -0.000000 0.988302   0.156332 -0.004606 0.987694   0.943182 0.177143  
      0.309017 0.000000 0.951056   0.309013 -0.004764 0.951046   0.965909 0.177143  
      0.457527 0.000000 0.889196   0.454077 -0.004608 0.890951   0.988636 0.177143  
      0.068206 -0.136410 0.988302   0.074035 -0.137768 0.987694   0.863636 0.157461  
      0.226619 -0.140060 0.963861   0.228670 -0.141326 0.963191   0.886364 0.157461  
      0.383207 -0.140060 0.912982   0.381156 -0.141327 0.913645   0.909091 0.157461  
      0.525732 -0.136411 0.839641   0.520658 -0.137769 0.842576   0.931818 0.157461  
      -0.015699 -0.266065 0.963827   -0.008374 -0.264584 0.964326   0.954545 0.157461  
      0.138199 -0.276397 0.951055   0.142463 -0.274264 0.951044   0.977273 0.157461  
      0.296648 -0.280119 0.912980   0.296863 -0.277719 0.913644   1.000000 0.157461  
      0.447216 -0.276398 0.850648   0.443761 -0.274261 0.853145   0.181819 0.275556  
      0.579229 -0.266065 0.770521   0.573595 -0.264584 0.775231   0.170455 0.255874  
      -0.093451 -0.380900 0.919882   -0.085547 -0.377705 0.921966   0.159092 0.236191  
      0.050817 -0.399097 0.915500   0.056695 -0.394720 0.917051   0.147728 0.216508  
      0.204615 -0.409230 0.889192   0.207195 -0.404084 0.890947   0.136364 0.196826  
      0.357124 -0.409230 0.839639   0.356067 -0.404084 0.842575   0.125001 0.177143  
      0.497012 -0.399097 0.770520   0.493169 -0.394721 0.775229   0.193183 0.255874  
      0.616302 -0.380900 0.689266   0.611132 -0.377705 0.695598   0.181819 0.236191  
      0.967222 0.253931 0.000000   0.969414 0.245433 0.000000   0.204546 0.236191  
      0.988023 0.133031 0.078192   0.989100 0.125817 0.076491   0.170455 0.216508  
      0.988023 0.133031 -0.078192   0.989100 0.125817 -0.076491   0.193183 0.216508  
      0.987059 -0.000000 0.160355   0.987662 -0.004608 0.156534   0.215910 0.216508  
      1.000000 0.000000 0.000000   0.999989 -0.004769 0.000000   0.159092 0.196826  
      0.987059 0.000000 -0.160355   0.987662 -0.004608 -0.156534   0.181819 0.196826  
      0.961008 -0.136410 0.240533   0.962232 -0.137766 0.234799   0.204546 0.196826  
      0.986715 -0.140059 0.082322   0.986712 -0.141325 0.080166   0.227273 0.196826  
      0.986715 -0.140059 -0.082322   0.986712 -0.141325 -0.080166   0.147728 0.177143  
      0.961008 -0.136410 -0.240533   0.962232 -0.137766 -0.234799   0.170455 0.177143  
      0.911804 -0.266064 0.312769   0.914542 -0.264583 0.305956   0.193183 0.177143  
      0.947213 -0.276396 0.162458   0.948520 -0.274261 0.158399   0.215910 0.177143  
      0.959966 -0.280117 0.000000   0.960663 -0.277716 0.000000   0.238637 0.177143  
      0.947213 -0.276396 -0.162458   0.948520 -0.274261 -0.158399   0.136364 0.157461  
      0.911804 -0.266064 -0.312769   0.914542 -0.264583 -0.305956   0.159092 0.157461  
      0.845982 -0.380899 0.373136   0.850406 -0.377705 0.366262   0.181819 0.157461  
      0.886396 -0.399095 0.234576   0.889687 -0.394719 0.229466   0.204546 0.157461  
      0.908902 -0.409229 0.080178   0.911368 -0.404082 0.078266   0.227273 0.157461  
      0.908902 -0.409229 -0.080178   0.911368 -0.404082 -0.078266   0.250001 0.157461  
      0.886396 -0.399095 -0.234576   0.889687 -0.394719 -0.229466   0.363637 0.275556  
      0.845982 -0.380899 -0.373136   0.850406 -0.377705 -0.366262   0.352273 0.255874  
      0.577066 -0.586334 -0.568513   0.570256 -0.591722 -0.569801   0.340910 0.236191  
      0.497009 -0.696561 -0.517479   0.490501 -0.699670 -0.519491   0.329546 0.216508  
      0.455902 -0.614344 -0.643999   0.450288 -0.619244 -0.643255   0.318182 0.196826  
      0.399272 -0.798552 -0.450441   0.394365 -0.799039 -0.453886   0.306819 0.177143  
      0.361804 -0.723612 -0.587779   0.357536 -0.725735 -0.587773   0.375001 0.255874  
      0.314971 -0.629943 -0.709905   0.312073 -0.634449 -0.707167   0.363637 0.236191  
      0.288916 -0.882855 -0.370263   0.286638 -0.881333 -0.375620   0.386364 0.236191  
      0.253366 -0.819913 -0.513370   0.251663 -0.819344 -0.515113   0.352273 0.216508  
      0.210087 -0.733354 -0.646572   0.209519 -0.735052 -0.644826   0.375001 0.216508  
      0.162463 -0.629943 -0.759459   0.163198 -0.634451 -0.755539   0.397728 0.216508  
      0.174138 -0.943209 -0.282902   0.174659 -0.940946 -0.290024   0.340910 0.196826  
      0.138197 -0.894429 -0.425321   0.139511 -0.892287 -0.429372   0.363637 0.196826  
      0.096779 -0.819912 -0.564250   0.099178 -0.819343 -0.564660   0.386364 0.196826  
      0.052789 -0.723611 -0.688186   0.056238 -0.725735 -0.685672   0.409092 0.196826  
      0.009708 -0.614344 -0.788979   0.013812 -0.619245 -0.785076   0.329546 0.177143  
      0.063482 -0.978671 -0.195377   0.066134 -0.976831 -0.203539   0.352273 0.177143  
      0.025407 -0.943208 -0.331229   0.029170 -0.940946 -0.337298   0.375001 0.177143  
      -0.016099 -0.882854 -0.469371   -0.011107 -0.881332 -0.472366   0.397728 0.177143  
      -0.058250 -0.798550 -0.599103   -0.052254 -0.799039 -0.599005   0.420455 0.177143  
      -0.097915 -0.696560 -0.710786   -0.091467 -0.699671 -0.708586   0.318182 0.157461  
      -0.132684 -0.586334 -0.799129   -0.126421 -0.591720 -0.796169   0.340910 0.157461  
      -0.362367 -0.586334 -0.724501   -0.365695 -0.591721 -0.718424   0.363637 0.157461  
      -0.338569 -0.696561 -0.632593   -0.342493 -0.699671 -0.627024   0.386364 0.157461  
      -0.471601 -0.614344 -0.632593   -0.472627 -0.619245 -0.627024   0.409092 0.157461  
      -0.305014 -0.798552 -0.518923   -0.309806 -0.799040 -0.515321   0.431819 0.157461  
      -0.447211 -0.723612 -0.525727   -0.448523 -0.725735 -0.521667   0.465910 0.137778  
      -0.577832 -0.629943 -0.518924   -0.576125 -0.634448 -0.515320   0.477273 0.118096  
      -0.262862 -0.882855 -0.389192   -0.268660 -0.881333 -0.388682   0.488637 0.137778  
      -0.409952 -0.819913 -0.399603   -0.412134 -0.819344 -0.398524   0.488637 0.098413  
      -0.550010 -0.733353 -0.399603   -0.548525 -0.735050 -0.398524   0.500000 0.118096  
      -0.672088 -0.629942 -0.389192   -0.668134 -0.634447 -0.388681   0.500000 0.078731  
      -0.215245 -0.943209 -0.253036   -0.221856 -0.940946 -0.255733   0.511364 0.098413  
      -0.361801 -0.894429 -0.262863   -0.365246 -0.892287 -0.265366   0.511364 0.059048  
      -0.506730 -0.819912 -0.266402   -0.506378 -0.819342 -0.268811   0.522728 0.078731  
      -0.638195 -0.723609 -0.262863   -0.634740 -0.725732 -0.265365   0.522728 0.039365  
      -0.747367 -0.614341 -0.253036   -0.742387 -0.619244 -0.255733   0.534091 0.059048  
      -0.166198 -0.978671 -0.120749   -0.173141 -0.976831 -0.125793   0.545455 0.039365  
      -0.307168 -0.943208 -0.126518   -0.311777 -0.940946 -0.131970   0.511364 0.137778  
      -0.451376 -0.882853 -0.129730   -0.452680 -0.881332 -0.135403   0.522728 0.118096  
      -0.587784 -0.798549 -0.129730   -0.585840 -0.799035 -0.135403   0.534091 0.137778  
      -0.706258 -0.696557 -0.126518   -0.702174 -0.699667 -0.131972   0.534091 0.098413  
      -0.801022 -0.586330 -0.120749   -0.796269 -0.591719 -0.125795   0.545455 0.118096  
      -0.801022 -0.586330 0.120750   -0.796270 -0.591718 0.125795   0.556819 0.137778  
      -0.706258 -0.696558 0.126518   -0.702174 -0.699667 0.131972   0.545455 0.078731  
      -0.747367 -0.614341 0.253037   -0.742387 -0.619243 0.255735   0.556819 0.098413  
      -0.587784 -0.798549 0.129731   -0.585837 -0.799037 0.135404   0.568182 0.118096  
      -0.638195 -0.723609 0.262864   -0.634738 -0.725732 0.265370   0.579546 0.137778  
      -0.672088 -0.629941 0.389193   -0.668133 -0.634447 0.388683   0.556819 0.059048  
      -0.451375 -0.882853 0.129731   -0.452680 -0.881332 0.135405   0.568182 0.078731  
      -0.506730 -0.819911 0.266403   -0.506376 -0.819343 0.268813   0.579546 0.098413  
      -0.550009 -0.733352 0.399605   -0.548525 -0.735050 0.398526   0.590909 0.118096  
      -0.577832 -0.629942 0.518925   -0.576125 -0.634449 0.515320   0.602273 0.137778  
      -0.307168 -0.943208 0.126519   -0.311778 -0.940945 0.131972   0.568182 0.039365  
      -0.361801 -0.894428 0.262864   -0.365248 -0.892286 0.265367   0.579546 0.059048  
      -0.409952 -0.819912 0.399605   -0.412136 -0.819342 0.398525   0.590910 0.078731  
      -0.447211 -0.723610 0.525729   -0.448523 -0.725734 0.521668   0.602273 0.098413  
      -0.471601 -0.614343 0.632594   -0.472627 -0.619245 0.627024   0.613637 0.118096  
      -0.166198 -0.978671 0.120750   -0.173141 -0.976831 0.125794   0.625000 0.137778  
      -0.215246 -0.943208 0.253038   -0.221858 -0.940946 0.255735   0.647728 0.137778  
      -0.262863 -0.882854 0.389194   -0.268662 -0.881332 0.388683   0.659091 0.118096  
      -0.305015 -0.798550 0.518925   -0.309807 -0.799038 0.515323   0.670455 0.137778  
      -0.338569 -0.696560 0.632594   -0.342493 -0.699671 0.627024   0.670455 0.098413  
      -0.362367 -0.586333 0.724502   -0.365695 -0.591721 0.718425   0.681818 0.118096  
      0.719015 -0.586334 -0.373135   0.718136 -0.591721 -0.366260   0.681818 0.078731  
      0.753363 -0.614343 -0.234576   0.750920 -0.619244 -0.229468   0.693182 0.098413  
      0.645740 -0.696560 -0.312768   0.645642 -0.699670 -0.305955   0.693182 0.059048  
      0.772493 -0.629942 -0.080177   0.768994 -0.634447 -0.078269   0.704546 0.078731  
      0.670817 -0.723611 -0.162457   0.669492 -0.725733 -0.158402   0.704546 0.039365  
      0.551780 -0.798551 -0.240532   0.553539 -0.799039 -0.234799   0.715909 0.059048  
      0.772493 -0.629942 0.080178   0.768994 -0.634447 0.078267   0.727273 0.039365  
      0.679849 -0.733353 0.000000   0.678011 -0.735051 0.000000   0.693182 0.137778  
      0.566540 -0.819912 -0.082322   0.567669 -0.819344 -0.080165   0.704546 0.118096  
      0.441423 -0.882854 -0.160354   0.445814 -0.881333 -0.156531   0.715909 0.137778  
      0.753364 -0.614343 0.234576   0.750921 -0.619243 0.229467   0.715909 0.098413  
      0.670818 -0.723610 0.162458   0.669492 -0.725734 0.158401   0.727273 0.118096  
      0.566541 -0.819911 0.082323   0.567671 -0.819343 0.080165   0.738637 0.137778  
      0.447211 -0.894428 0.000001   0.451470 -0.892286 -0.000001   0.727273 0.078731  
      0.322869 -0.943208 -0.078191   0.329805 -0.940945 -0.076487   0.738637 0.098413  
      0.719016 -0.586333 0.373136   0.718137 -0.591719 0.366262   0.750000 0.118096  
      0.645741 -0.696559 0.312769   0.645641 -0.699670 0.305957   0.761364 0.137778  
      0.551781 -0.798550 0.240533   0.553541 -0.799038 0.234800   0.738637 0.059048  
      0.441424 -0.882854 0.160356   0.445816 -0.881332 0.156532   0.750000 0.078731  
      0.322870 -0.943208 0.078193   0.329804 -0.940946 0.076487   0.761364 0.098413  
      0.205432 -0.978671 0.000001   0.214015 -0.976830 -0.000000   0.772727 0.118096  
      -0.132684 -0.586334 0.799129   -0.126418 -0.591721 0.796169   0.784091 0.137778  
      -0.097915 -0.696561 0.710785   -0.091466 -0.699671 0.708586   0.750000 0.039365  
      0.009709 -0.614344 0.788978   0.013814 -0.619245 0.785076   0.761364 0.059048  
      -0.058249 -0.798552 0.599101   -0.052255 -0.799039 0.599005   0.772727 0.078731  
      0.052790 -0.723612 0.688185   0.056238 -0.725734 0.685673   0.784091 0.098413  
      0.162463 -0.629944 0.759458   0.163197 -0.634449 0.755540   0.795455 0.118096  
      -0.016097 -0.882855 0.469370   -0.011108 -0.881333 0.472365   0.806818 0.137778  
      0.096780 -0.819913 0.564249   0.099181 -0.819343 0.564659   0.829546 0.137778  
      0.210089 -0.733354 0.646572   0.209521 -0.735052 0.644825   0.840909 0.118096  
      0.314971 -0.629943 0.709905   0.312073 -0.634448 0.707167   0.852273 0.137778  
      0.025409 -0.943209 0.331228   0.029172 -0.940946 0.337296   0.852273 0.098413  
      0.138199 -0.894429 0.425321   0.139516 -0.892287 0.429371   0.863636 0.118096  
      0.253368 -0.819912 0.513370   0.251668 -0.819343 0.515112   0.863636 0.078731  
      0.361805 -0.723611 0.587779   0.357536 -0.725736 0.587772   0.875000 0.098413  
      0.455903 -0.614344 0.643999   0.450288 -0.619243 0.643257   0.875000 0.059048  
      0.063484 -0.978671 0.195377   0.066136 -0.976831 0.203538   0.886364 0.078731  
      0.174140 -0.943208 0.282902   0.174663 -0.940946 0.290023   0.886364 0.039365  
      0.288918 -0.882854 0.370264   0.286641 -0.881332 0.375621   0.897727 0.059048  
      0.399274 -0.798550 0.450441   0.394365 -0.799039 0.453887   0.909091 0.039365  
      0.497011 -0.696560 0.517480   0.490500 -0.699671 0.519490   0.875000 0.137778  
      0.577067 -0.586333 0.568513   0.570260 -0.591718 0.569801   0.886364 0.118096  