1 0 1 0.894427190999916 0.447213595499958 0 0.625 0.5
1 0 -1 0.894427190999916 0.447213595499958 0 0.375 0.5
0 2 0 0.894427190999916 0.447213595499958 0 0.5 1
0 2 0 0 0.447213595499958 -0.894427190999916 0.25 1
1 0 -1 0 0.447213595499958 -0.894427190999916 0.375 0.5
-1 0 -1 0 0.447213595499958 -0.894427190999916 0.125 0.5
0 2 0 -0.894427190999916 0.447213595499958 0 0.625 1
-1 0 -1 -0.894427190999916 0.447213595499958 0 0.125 0.5
-1 0 1 -0.894427190999916 0.447213595499958 0 1.125 0.5
1 0 1 0 0.447213595499958 0.894427190999916 0.625 0.5
0 2 0 0 0.447213595499958 0.894427190999916 0.75 1
-1 0 1 0 0.447213595499958 0.894427190999916 0.875 0.5
-1 0 1 0 -0.447213595499958 0.894427190999916 0.875 0.5
0 -2 0 0 -0.447213595499958 0.894427190999916 0.75 0
1 0 1 0 -0.447213595499958 0.894427190999916 0.625 0.5
1 0 1 0.894427190999916 -0.447213595499958 0 0.625 0.5
0 -2 0 0.894427190999916 -0.447213595499958 0 0.5 0
1 0 -1 0.894427190999916 -0.447213595499958 0 0.375 0.5
1 0 -1 -0 -0.447213595499958 -0.894427190999916 0.375 0.5
0 -2 0 -0 -0.447213595499958 -0.894427190999916 0.25 0
-1 0 -1 -0 -0.447213595499958 -0.894427190999916 0.125 0.5
-1 0 -1 -0.894427190999916 -0.447213595499958 0 0.125 0.5
0 -2 0 -0.894427190999916 -0.447213595499958 0 0.625 0
-1 0 1 -0.894427190999916 -0.447213595499958 0 1.125 0.5
