    4 26 5 1982 39 40 6 26 27 1983 40 41
    1976 27 28 0 1038 15 1983 42 1984 1976 29 7
    0 16 1 1984 43 13 7 30 8 1 17 2
    13 44 1985 8 31 9 1970 17 18 1985 45 14
    9 32 1977 3 18 19 1225 14 45 1977 33 10
    3 20 1971 10 34 11 1971 21 1972 11 35 12
    1973 21 22 12 36 1978 1974 22 23 1978 37 1979
    1975 23 24 1979 38 1980 4 24 25 1980 39 1981
    33 65 34 20 52 21 35 65 66 21 53 22
    35 67 36 23 53 54 36 68 37 24 54 55
    37 69 38 24 56 25 39 69 70 25 57 26
    40 70 71 27 57 58 41 71 72 27 59 28
    15 1038 46 42 72 73 28 60 29 16 46 47
    43 73 74 30 60 61 17 47 48 44 74 75
    30 62 31 17 49 18 44 76 45 32 62 63
    18 50 19 1225 45 76 33 63 64 19 51 20
    67 97 98 53 85 54 67 99 68 55 85 86
    69 99 100 55 87 56 70 100 101 56 88 57
    70 102 71 58 88 89 71 103 72 58 90 59
    46 1038 77 72 104 73 60 90 91 46 78 47
    74 104 105 61 91 92 47 79 48 74 106 75
    62 92 93 49 79 80 76 106 107 62 94 63
    49 81 50 1225 76 107 63 95 64 51 81 82
    64 96 65 52 82 83 66 96 97 52 84 53
    100 130 131 86 118 87 100 132 101 87 119 88
    101 133 102 89 119 120 102 134 103 90 120 121
    77 1038 108 103 135 104 90 122 91 77 109 78
    105 135 136 92 122 123 78 110 79 105 137 106
    92 124 93 79 111 80 107 137 138 94 124 125
    80 112 81 1225 107 138 94 126 95 81 113 82
    95 127 96 83 113 114 97 127 128 83 115 84
    98 128 129 84 116 85 98 130 99 86 116 117
    132 164 133 119 151 120 133 165 134 121 151 152
    108 1038 139 135 165 166 121 153 122 108 140 109
    135 167 136 123 153 154 110 140 141 136 168 137
    123 155 124 111 141 142 138 168 169 125 155 156
    111 143 112 1225 138 169 125 157 126 112 144 113
    126 158 127 114 144 145 127 159 128 114 146 115
    128 160 129 115 147 116 129 161 130 117 147 148
    131 161 162 118 148 149 132 162 163 118 150 119
    166 196 197 152 184 153 139 171 140 166 198 167
    154 184 185 141 171 172 167 199 168 154 186 155
    141 173 142 169 199 200 156 186 187 142 174 143
    1225 169 200 156 188 157 143 175 144 158 188 189
    145 175 176 158 190 159 146 176 177 159 191 160
    146 178 147 160 192 161 148 178 179 162 192 193
    149 179 180 162 194 163 150 180 181 163 195 164
    150 182 151 164 196 165 151 183 152 139 1038 170
    198 230 199 185 217 186 173 203 204 199 231 200
    187 217 218 173 205 174 1225 200 231 187 219 188
    174 206 175 189 219 220 176 206 207 189 221 190
    177 207 208 190 222 191 177 209 178 191 223 192
    179 209 210 193 223 224 180 210 211 193 225 194
    180 212 181 194 226 195 181 213 182 196 226 227
    183 213 214 170 1038 201 196 228 197 183 215 184
    171 201 202 197 229 198 185 215 216 171 203 172
    1225 231 262 218 250 219 205 237 206 220 250 251
    206 238 207 220 252 221 208 238 239 221 253 222
    208 240 209 223 253 254 209 241 210 224 254 255
    211 241 242 224 256 225 212 242 243 225 257 226
    212 244 213 227 257 258 214 244 245 201 1038 232
    227 259 228 214 246 215 201 233 202 228 260 229
    216 246 247 202 234 203 229 261 230 216 248 217
    204 234 235 230 262 231 218 248 249 205 235 236
    251 283 252 239 269 270 252 284 253 239 271 240
    253 285 254 240 272 241 255 285 286 242 272 273
    255 287 256 243 273 274 256 288 257 243 275 244
    258 288 289 245 275 276 232 1038 263 258 290 259
    245 277 246 232 264 233 259 291 260 247 277 278
    233 265 234 260 292 261 247 279 248 234 266 235
    261 293 262 248 280 249 236 266 267 1225 262 293
    249 281 250 236 268 237 251 281 282 238 268 269
    285 315 316 271 303 272 286 316 317 273 303 304
    286 318 287 273 305 274 288 318 319 274 306 275
    289 319 320 276 306 307 263 1038 294 289 321 290
    276 308 277 264 294 295 290 322 291 278 308 309
    265 295 296 291 323 292 278 310 279 265 297 266
    292 324 293 279 311 280 267 297 298 1225 293 324
    280 312 281 267 299 268 282 312 313 268 300 269
    282 314 283 270 300 301 283 315 284 270 302 271
    317 349 318 305 335 336 318 350 319 305 337 306
    320 350 351 307 337 338 294 1038 325 320 352 321
    308 338 339 294 326 295 322 352 353 308 340 309
    295 327 296 323 353 354 309 341 310 296 328 297
    324 354 355 310 342 311 298 328 329 1225 324 355
    311 343 312 298 330 299 313 343 344 300 330 331
    313 345 314 301 331 332 314 346 315 301 333 302
    315 347 316 302 334 303 317 347 348 304 334 335
    351 381 382 338 368 369 325 1038 356 351 383 352
    339 369 370 325 357 326 352 384 353 339 371 340
    326 358 327 353 385 354 341 371 372 328 358 359
    355 385 386 341 373 342 328 360 329 1225 355 386
    342 374 343 329 361 330 344 374 375 330 362 331
    344 376 345 332 362 363 345 377 346 332 364 333
    347 377 378 333 365 334 348 378 379 335 365 366
    348 380 349 336 366 367 349 381 350 336 368 337
    356 388 357 383 415 384 370 402 371 358 388 389
    384 416 385 372 402 403 359 389 390 385 417 386
    372 404 373 360 390 391 1225 386 417 373 405 374
    360 392 361 375 405 406 361 393 362 375 407 376
    363 393 394 376 408 377 363 395 364 377 409 378
    364 396 365 379 409 410 366 396 397 379 411 380
    366 398 367 380 412 381 367 399 368 382 412 413
    369 399 400 356 1038 387 382 414 383 370 400 401
    389 421 390 416 448 417 403 435 404 390 422 391
    1225 417 448 404 436 405 391 423 392 406 436 437
    392 424 393 406 438 407 394 424 425 407 439 408
    394 426 395 409 439 440 395 427 396 410 440 441
    397 427 428 410 442 411 398 428 429 411 443 412
    398 430 399 413 443 444 400 430 431 387 1038 418
    414 444 445 401 431 432 387 419 388 414 446 415
    401 433 402 388 420 389 415 447 416 403 433 434
    422 454 423 437 467 468 424 454 455 437 469 438
    425 455 456 438 470 439 425 457 426 439 471 440
    426 458 427 441 471 472 428 458 459 441 473 442
    428 460 429 442 474 443 429 461 430 444 474 475
    431 461 462 418 1038 449 445 475 476 432 462 463
    418 450 419 445 477 446 432 464 433 419 451 420
    446 478 447 434 464 465 421 451 452 448 478 479
    434 466 435 421 453 422 1225 448 479 435 467 436
    456 486 487 469 501 470 456 488 457 471 501 502
    457 489 458 472 502 503 459 489 490 472 504 473
    459 491 460 473 505 474 460 492 461 475 505 506
    462 492 493 449 1038 480 475 507 476 463 493 494
    449 481 450 477 507 508 463 495 464 451 481 482
    478 508 509 465 495 496 451 483 452 478 510 479
    465 497 466 452 484 453 1225 479 510 466 498 467
    453 485 454 468 498 499 454 486 455 468 500 469
    488 520 489 503 533 534 490 520 521 503 535 504
    491 521 522 505 535 536 491 523 492 506 536 537
    493 523 524 480 1038 511 506 538 507 494 524 525
    480 512 481 507 539 508 494 526 495 482 512 513
    508 540 509 496 526 527 482 514 483 509 541 510
    496 528 497 483 515 484 1225 510 541 497 529 498
    484 516 485 499 529 530 485 517 486 499 531 500
    487 517 518 500 532 501 487 519 488 502 532 533
    521 553 522 536 566 567 522 554 523 537 567 568
    524 554 555 511 1038 542 537 569 538 525 555 556
    511 543 512 538 570 539 525 557 526 513 543 544
    539 571 540 527 557 558 513 545 514 540 572 541
    527 559 528 514 546 515 1225 541 572 528 560 529
    515 547 516 530 560 561 516 548 517 530 562 531
    518 548 549 531 563 532 518 550 519 533 563 564
    519 551 520 534 564 565 521 551 552 534 566 535
    555 585 586 542 1038 573 569 599 600 556 586 587
    542 574 543 569 601 570 556 588 557 543 575 544
    570 602 571 558 588 589 544 576 545 571 603 572
    558 590 559 545 577 546 1225 572 603 559 591 560
    546 578 547 561 591 592 548 578 579 561 593 562
    549 579 580 562 594 563 549 581 550 563 595 564
    551 581 582 565 595 596 552 582 583 565 597 566
    552 584 553 566 598 567 553 585 554 567 599 568
    587 619 588 574 606 575 601 633 602 589 619 620
    575 607 576 602 634 603 589 621 590 577 607 608
    1225 603 634 590 622 591 577 609 578 592 622 623
    579 609 610 593 623 624 580 610 611 593 625 594
    580 612 581 595 625 626 581 613 582 596 626 627
    583 613 614 596 628 597 583 615 584 597 629 598
    584 616 585 599 629 630 586 616 617 573 1038 604
    599 631 600 587 617 618 573 605 574 601 631 632
    620 652 621 607 639 608 1225 634 665 621 653 622
    608 640 609 623 653 654 610 640 641 624 654 655
    611 641 642 624 656 625 611 643 612 625 657 626
    613 643 644 627 657 658 614 644 645 627 659 628
    614 646 615 628 660 629 615 647 616 630 660 661
    616 648 617 604 1038 635 630 662 631 618 648 649
    604 636 605 632 662 663 618 650 619 606 636 637
    632 664 633 620 650 651 606 638 607 634 664 665
    654 684 685 641 671 672 655 685 686 642 672 673
    655 687 656 642 674 643 656 688 657 644 674 675
    658 688 689 645 675 676 658 690 659 645 677 646
    659 691 660 646 678 647 661 691 692 647 679 648
    635 1038 666 662 692 693 649 679 680 635 667 636
    663 693 694 649 681 650 637 667 668 663 695 664
    651 681 682 637 669 638 665 695 696 651 683 652
    638 670 639 1225 665 696 652 684 653 639 671 640
    686 718 687 673 705 674 687 719 688 675 705 706
    689 719 720 676 706 707 689 721 690 677 707 708
    690 722 691 677 709 678 692 722 723 679 709 710
    666 1038 697 692 724 693 680 710 711 666 698 667
    693 725 694 680 712 681 667 699 668 694 726 695
    681 713 682 668 700 669 696 726 727 682 714 683
    670 700 701 1225 696 727 683 715 684 670 702 671
    685 715 716 672 702 703 685 717 686 673 703 704
    720 750 751 707 737 738 720 752 721 708 738 739
    721 753 722 708 740 709 723 753 754 709 741 710
    697 1038 728 724 754 755 711 741 742 697 729 698
    725 755 756 712 742 743 699 729 730 725 757 726
    712 744 713 699 731 700 726 758 727 713 745 714
    700 732 701 1225 727 758 714 746 715 701 733 702
    716 746 747 703 733 734 716 748 717 704 734 735
    717 749 718 704 736 705 718 750 719 706 736 737
    752 784 753 739 771 740 754 784 785 740 772 741
    728 1038 759 754 786 755 742 772 773 728 760 729
    756 786 787 743 773 774 730 760 761 756 788 757
    743 775 744 730 762 731 758 788 789 744 776 745
    732 762 763 1225 758 789 745 777 746 732 764 733
    747 777 778 734 764 765 747 779 748 735 765 766
    748 780 749 735 767 736 749 781 750 737 767 768
    751 781 782 738 768 769 751 783 752 739 769 770
    759 1038 790 785 817 786 773 803 804 759 791 760
    787 817 818 774 804 805 761 791 792 787 819 788
    774 806 775 761 793 762 789 819 820 775 807 776
    762 794 763 1225 789 820 777 807 808 763 795 764
    778 808 809 765 795 796 778 810 779 766 796 797
    779 811 780 766 798 767 780 812 781 768 798 799
    782 812 813 769 799 800 782 814 783 770 800 801
    783 815 784 770 802 771 785 815 816 772 802 803
    797 829 798 811 843 812 798 830 799 813 843 844
    800 830 831 813 845 814 801 831 832 814 846 815
    801 833 802 816 846 847 802 834 803 790 1038 821
    816 848 817 804 834 835 790 822 791 818 848 849
    805 835 836 792 822 823 818 850 819 805 837 806
    793 823 824 820 850 851 806 838 807 794 824 825
    1225 820 851 808 838 839 794 826 795 809 839 840
    796 826 827 809 841 810 797 827 828 810 842 811
    831 861 862 844 876 845 832 862 863 845 877 846
    832 864 833 847 877 878 833 865 834 821 1038 852
    847 879 848 835 865 866 821 853 822 848 880 849
    836 866 867 823 853 854 849 881 850 836 868 837
    823 855 824 851 881 882 837 869 838 825 855 856
    1225 851 882 839 869 870 825 857 826 840 870 871
    827 857 858 840 872 841 828 858 859 841 873 842
    828 860 829 842 874 843 829 861 830 844 874 875
    863 895 864 878 908 909 864 896 865 852 1038 883
    879 909 910 866 896 897 852 884 853 880 910 911
    867 897 898 854 884 885 880 912 881 867 899 868
    854 886 855 881 913 882 868 900 869 855 887 856
    1225 882 913 870 900 901 856 888 857 871 901 902
    857 889 858 871 903 872 859 889 890 872 904 873
    859 891 860 874 904 905 860 892 861 875 905 906
    862 892 893 875 907 876 863 893 894 876 908 877
    897 927 928 883 915 884 910 942 911 898 928 929
    885 915 916 911 943 912 898 930 899 885 917 886
    913 943 944 899 931 900 886 918 887 1225 913 944
    901 931 932 887 919 888 902 932 933 888 920 889
    902 934 903 890 920 921 903 935 904 890 922 891
    905 935 936 891 923 892 906 936 937 893 923 924
    906 938 907 893 925 894 907 939 908 894 926 895
    909 939 940 895 927 896 883 1038 914 909 941 910
    929 961 930 917 947 948 944 974 975 930 962 931
    917 949 918 1225 944 975 932 962 963 918 950 919
    933 963 964 920 950 951 934 964 965 921 951 952
    934 966 935 921 953 922 936 966 967 922 954 923
    937 967 968 924 954 955 937 969 938 924 956 925
    938 970 939 925 957 926 940 970 971 926 958 927
    914 1038 945 941 971 972 928 958 959 914 946 915
    941 973 942 929 959 960 915 947 916 942 974 943
    963 993 994 949 981 950 964 994 995 950 982 951
    964 996 965 952 982 983 965 997 966 952 984 953
    967 997 998 953 985 954 968 998 999 955 985 986
    968 1000 969 955 987 956 969 1001 970 956 988 957
    971 1001 1002 957 989 958 945 1038 976 971 1003 972
    959 989 990 945 977 946 973 1003 1004 960 990 991
    947 977 978 973 1005 974 960 992 961 947 979 948
    974 1006 975 961 993 962 949 979 980 1225 975 1006
    995 1027 996 983 1013 1014 996 1028 997 983 1015 984
    998 1028 1029 984 1016 985 999 1029 1030 986 1016 1017
    999 1031 1000 987 1017 1018 1000 1032 1001 988 1018 1019
    1002 1032 1033 988 1020 989 976 1038 1007 1002 1034 1003
    990 1020 1021 976 1008 977 1004 1034 1035 991 1021 1022
    978 1008 1009 1004 1036 1005 991 1023 992 978 1010 979
    1006 1036 1037 992 1024 993 979 1011 980 1225 1006 1037
    994 1024 1025 980 1012 981 994 1026 995 981 1013 982
    1028 1061 1029 1016 1047 1048 1030 1061 1062 1017 1048 1049
    1030 1063 1031 1018 1049 1050 1031 1064 1032 1018 1051 1019
    1033 1064 1065 1019 1052 1020 1007 1038 1039 1034 1065 1066
    1021 1052 1053 1007 1040 1008 1034 1067 1035 1022 1053 1054
    1009 1040 1041 1035 1068 1036 1022 1055 1023 1009 1042 1010
    1036 1069 1037 1023 1056 1024 1010 1043 1011 1225 1037 1069
    1025 1056 1057 1011 1044 1012 1026 1057 1058 1013 1044 1045
    1026 1059 1027 1014 1045 1046 1027 1060 1028 1014 1047 1015
    1062 1094 1063 1049 1081 1050 1063 1095 1064 1051 1081 1082
    1065 1095 1096 1051 1083 1052 1039 1038 1070 1066 1096 1097
    1053 1083 1084 1039 1071 1040 1067 1097 1098 1054 1084 1085
    1040 1072 1041 1067 1099 1068 1054 1086 1055 1041 1073 1042
    1069 1099 1100 1055 1087 1056 1042 1074 1043 1225 1069 1100
    1057 1087 1088 1043 1075 1044 1057 1089 1058 1044 1076 1045
    1058 1090 1059 1046 1076 1077 1059 1091 1060 1046 1078 1047
    1061 1091 1092 1047 1079 1048 1062 1092 1093 1049 1079 1080
    1096 1126 1127 1082 1114 1083 1070 1038 1101 1096 1128 1097
    1084 1114 1115 1070 1102 1071 1097 1129 1098 1085 1115 1116
    1071 1103 1072 1098 1130 1099 1085 1117 1086 1072 1104 1073
    1100 1130 1131 1086 1118 1087 1074 1104 1105 1225 1100 1131
    1088 1118 1119 1074 1106 1075 1088 1120 1089 1075 1107 1076
    1090 1120 1121 1077 1107 1108 1090 1122 1091 1077 1109 1078
    1092 1122 1123 1078 1110 1079 1093 1123 1124 1080 1110 1111
    1093 1125 1094 1080 1112 1081 1095 1125 1126 1082 1112 1113
    1101 1133 1102 1129 1159 1160 1116 1146 1147 1102 1134 1103
    1129 1161 1130 1116 1148 1117 1103 1135 1104 1131 1161 1162
    1117 1149 1118 1105 1135 1136 1225 1131 1162 1119 1149 1150
    1105 1137 1106 1119 1151 1120 1107 1137 1138 1120 1152 1121
    1108 1138 1139 1121 1153 1122 1108 1140 1109 1123 1153 1154
    1109 1141 1110 1124 1154 1155 1111 1141 1142 1124 1156 1125
    1111 1143 1112 1125 1157 1126 1113 1143 1144 1127 1157 1158
    1113 1145 1114 1101 1038 1132 1127 1159 1128 1115 1145 1146
    1135 1165 1166 1162 1192 1193 1148 1180 1149 1136 1166 1167
    1225 1162 1193 1150 1180 1181 1136 1168 1137 1150 1182 1151
    1138 1168 1169 1152 1182 1183 1139 1169 1170 1152 1184 1153
    1139 1171 1140 1153 1185 1154 1141 1171 1172 1155 1185 1186
    1142 1172 1173 1155 1187 1156 1142 1174 1143 1156 1188 1157
    1144 1174 1175 1158 1188 1189 1144 1176 1145 1132 1038 1163
    1158 1190 1159 1146 1176 1177 1132 1164 1133 1160 1190 1191
    1147 1177 1178 1133 1165 1134 1160 1192 1161 1147 1179 1148
    1167 1199 1168 1181 1213 1182 1168 1200 1169 1182 1214 1183
    1170 1200 1201 1183 1215 1184 1170 1202 1171 1185 1215 1216
    1172 1202 1203 1186 1216 1217 1173 1203 1204 1186 1218 1187
    1174 1204 1205 1188 1218 1219 1175 1205 1206 1189 1219 1220
    1175 1207 1176 1163 1038 1194 1189 1221 1190 1177 1207 1208
    1163 1195 1164 1191 1221 1222 1178 1208 1209 1165 1195 1196
    1192 1222 1223 1178 1210 1179 1165 1197 1166 1192 1224 1193
    1179 1211 1180 1166 1198 1167 1225 1193 1224 1181 1211 1212
    1201 1232 1233 1214 1247 1215 1201 1234 1202 1216 1247 1248
    1202 1235 1203 1217 1248 1249 1204 1235 1236 1217 1250 1218
    1205 1236 1237 1218 1251 1219 1206 1237 1238 1220 1251 1252
    1206 1239 1207 1194 1038 1226 1220 1253 1221 1208 1239 1240
    1194 1227 1195 1221 1254 1222 1209 1240 1241 1196 1227 1228
    1222 1255 1223 1209 1242 1210 1196 1229 1197 1223 1256 1224
    1210 1243 1211 1197 1230 1198 1225 1224 1256 1212 1243 1244
    1198 1231 1199 1212 1245 1213 1199 1232 1200 1213 1246 1214
    1235 1265 1266 1249 1279 1280 1236 1266 1267 1249 1281 1250
    1237 1267 1268 1250 1282 1251 1237 1269 1238 1252 1282 1283
    1238 1270 1239 1226 1038 1257 1252 1284 1253 1240 1270 1271
    1226 1258 1227 1254 1284 1285 1241 1271 1272 1228 1258 1259
    1254 1286 1255 1241 1273 1242 1228 1260 1229 1256 1286 1287
    1242 1274 1243 1230 1260 1261 1225 1256 1287 1244 1274 1275
    1230 1262 1231 1245 1275 1276 1231 1263 1232 1245 1277 1246
    1233 1263 1264 1246 1278 1247 1233 1265 1234 1247 1279 1248
    1268 1298 1299 1282 1312 1313 1268 1300 1269 1283 1313 1314
    1269 1301 1270 1257 1038 1288 1283 1315 1284 1271 1301 1302
    1257 1289 1258 1285 1315 1316 1272 1302 1303 1259 1289 1290
    1285 1317 1286 1272 1304 1273 1259 1291 1260 1287 1317 1318
    1273 1305 1274 1260 1292 1261 1225 1287 1318 1275 1305 1306
    1261 1293 1262 1275 1307 1276 1262 1294 1263 1276 1308 1277
    1264 1294 1295 1277 1309 1278 1264 1296 1265 1278 1310 1279
    1265 1297 1266 1280 1310 1311 1267 1297 1298 1280 1312 1281
    1300 1332 1301 1288 1038 1319 1315 1345 1346 1302 1332 1333
    1288 1320 1289 1315 1347 1316 1303 1333 1334 1290 1320 1321
    1316 1348 1317 1303 1335 1304 1290 1322 1291 1318 1348 1349
    1304 1336 1305 1292 1322 1323 1225 1318 1349 1306 1336 1337
    1292 1324 1293 1307 1337 1338 1293 1325 1294 1307 1339 1308
    1295 1325 1326 1308 1340 1309 1295 1327 1296 1310 1340 1341
    1296 1328 1297 1311 1341 1342 1298 1328 1329 1311 1343 1312
    1299 1329 1330 1312 1344 1313 1299 1331 1300 1314 1344 1345
    1334 1364 1365 1321 1351 1352 1347 1379 1348 1334 1366 1335
    1322 1352 1353 1349 1379 1380 1335 1367 1336 1323 1353 1354
    1225 1349 1380 1337 1367 1368 1323 1355 1324 1337 1369 1338
    1324 1356 1325 1338 1370 1339 1326 1356 1357 1339 1371 1340
    1326 1358 1327 1341 1371 1372 1327 1359 1328 1342 1372 1373
    1329 1359 1360 1342 1374 1343 1330 1360 1361 1343 1375 1344
    1331 1361 1362 1345 1375 1376 1331 1363 1332 1319 1038 1350
    1345 1377 1346 1333 1363 1364 1319 1351 1320 1347 1377 1378
    1366 1398 1367 1353 1385 1354 1225 1380 1411 1368 1398 1399
    1354 1386 1355 1369 1399 1400 1356 1386 1387 1369 1401 1370
    1357 1387 1388 1370 1402 1371 1357 1389 1358 1372 1402 1403
    1358 1390 1359 1373 1403 1404 1360 1390 1391 1373 1405 1374
    1361 1391 1392 1374 1406 1375 1361 1393 1362 1376 1406 1407
    1362 1394 1363 1350 1038 1381 1376 1408 1377 1364 1394 1395
    1350 1382 1351 1378 1408 1409 1365 1395 1396 1351 1383 1352
    1378 1410 1379 1365 1397 1366 1352 1384 1353 1379 1411 1380
    1399 1431 1400 1386 1418 1387 1400 1432 1401 1388 1418 1419
    1401 1433 1402 1388 1420 1389 1403 1433 1434 1389 1421 1390
    1404 1434 1435 1391 1421 1422 1404 1436 1405 1392 1422 1423
    1406 1436 1437 1392 1424 1393 1407 1437 1438 1393 1425 1394
    1381 1038 1412 1407 1439 1408 1395 1425 1426 1381 1413 1382
    1409 1439 1440 1396 1426 1427 1383 1413 1414 1409 1441 1410
    1396 1428 1397 1383 1415 1384 1410 1442 1411 1397 1429 1398
    1384 1416 1385 1225 1411 1442 1399 1429 1430 1385 1417 1386
    1432 1464 1433 1419 1451 1420 1434 1464 1465 1421 1451 1452
    1435 1465 1466 1422 1452 1453 1435 1467 1436 1423 1453 1454
    1437 1467 1468 1424 1454 1455 1438 1468 1469 1424 1456 1425
    1412 1038 1443 1438 1470 1439 1426 1456 1457 1412 1444 1413
    1439 1471 1440 1427 1457 1458 1413 1445 1414 1440 1472 1441
    1427 1459 1428 1415 1445 1446 1442 1472 1473 1428 1460 1429
    1415 1447 1416 1225 1442 1473 1430 1460 1461 1416 1448 1417
    1431 1461 1462 1417 1449 1418 1431 1463 1432 1419 1449 1450
    1466 1496 1497 1453 1483 1484 1466 1498 1467 1454 1484 1485
    1467 1499 1468 1454 1486 1455 1469 1499 1500 1455 1487 1456
    1443 1038 1474 1469 1501 1470 1457 1487 1488 1443 1475 1444
    1471 1501 1502 1458 1488 1489 1445 1475 1476 1471 1503 1472
    1458 1490 1459 1445 1477 1446 1472 1504 1473 1459 1491 1460
    1446 1478 1447 1225 1473 1504 1461 1491 1492 1447 1479 1448
    1462 1492 1493 1448 1480 1449 1462 1494 1463 1450 1480 1481
    1463 1495 1464 1450 1482 1451 1465 1495 1496 1451 1483 1452
    1499 1529 1530 1486 1516 1517 1500 1530 1531 1486 1518 1487
    1474 1038 1505 1501 1531 1532 1488 1518 1519 1474 1506 1475
    1502 1532 1533 1489 1519 1520 1476 1506 1507 1502 1534 1503
    1489 1521 1490 1476 1508 1477 1503 1535 1504 1490 1522 1491
    1478 1508 1509 1225 1504 1535 1492 1522 1523 1478 1510 1479
    1492 1524 1493 1479 1511 1480 1493 1525 1494 1481 1511 1512
    1494 1526 1495 1481 1513 1482 1496 1526 1527 1482 1514 1483
    1497 1527 1528 1484 1514 1515 1497 1529 1498 1485 1515 1516
    1531 1563 1532 1519 1549 1550 1506 1536 1537 1533 1563 1564
    1520 1550 1551 1507 1537 1538 1533 1565 1534 1520 1552 1521
    1507 1539 1508 1534 1566 1535 1521 1553 1522 1509 1539 1540
    1225 1535 1566 1523 1553 1554 1509 1541 1510 1523 1555 1524
    1511 1541 1542 1524 1556 1525 1512 1542 1543 1525 1557 1526
    1512 1544 1513 1527 1557 1558 1513 1545 1514 1528 1558 1559
    1515 1545 1546 1528 1560 1529 1516 1546 1547 1529 1561 1530
    1517 1547 1548 1531 1561 1562 1517 1549 1518 1505 1038 1536
    1564 1596 1565 1551 1583 1552 1538 1570 1539 1565 1597 1566
    1552 1584 1553 1539 1571 1540 1225 1566 1597 1554 1584 1585
    1540 1572 1541 1554 1586 1555 1541 1573 1542 1555 1587 1556
    1543 1573 1574 1556 1588 1557 1543 1575 1544 1558 1588 1589
    1544 1576 1545 1559 1589 1590 1546 1576 1577 1559 1591 1560
    1547 1577 1578 1560 1592 1561 1548 1578 1579 1562 1592 1593
    1548 1580 1549 1536 1038 1567 1562 1594 1563 1550 1580 1581
    1536 1568 1537 1564 1594 1595 1551 1581 1582 1537 1569 1538
    1571 1603 1572 1585 1617 1586 1572 1604 1573 1586 1618 1587
    1574 1604 1605 1587 1619 1588 1574 1606 1575 1589 1619 1620
    1575 1607 1576 1590 1620 1621 1577 1607 1608 1590 1622 1591
    1578 1608 1609 1591 1623 1592 1579 1609 1610 1593 1623 1624
    1579 1611 1580 1567 1038 1598 1593 1625 1594 1581 1611 1612
    1567 1599 1568 1595 1625 1626 1582 1612 1613 1568 1600 1569
    1595 1627 1596 1582 1614 1583 1570 1600 1601 1596 1628 1597
    1583 1615 1584 1571 1601 1602 1225 1597 1628 1585 1615 1616
    1605 1635 1636 1618 1650 1619 1605 1637 1606 1620 1650 1651
    1606 1638 1607 1621 1651 1652 1608 1638 1639 1621 1653 1622
    1609 1639 1640 1622 1654 1623 1609 1641 1610 1624 1654 1655
    1610 1642 1611 1598 1038 1629 1624 1656 1625 1612 1642 1643
    1598 1630 1599 1625 1657 1626 1613 1643 1644 1599 1631 1600
    1626 1658 1627 1613 1645 1614 1600 1632 1601 1628 1658 1659
    1614 1646 1615 1601 1633 1602 1225 1628 1659 1616 1646 1647
    1602 1634 1603 1616 1648 1617 1604 1634 1635 1617 1649 1618
    1638 1668 1669 1652 1682 1683 1639 1669 1670 1652 1684 1653
    1640 1670 1671 1654 1684 1685 1640 1672 1641 1655 1685 1686
    1641 1673 1642 1629 1038 1660 1655 1687 1656 1643 1673 1674
    1629 1661 1630 1656 1688 1657 1644 1674 1675 1630 1662 1631
    1657 1689 1658 1644 1676 1645 1632 1662 1663 1659 1689 1690
    1645 1677 1646 1633 1663 1664 1225 1659 1690 1647 1677 1678
    1633 1665 1634 1647 1679 1648 1635 1665 1666 1648 1680 1649
    1636 1666 1667 1649 1681 1650 1636 1668 1637 1650 1682 1651
    1671 1701 1702 1684 1716 1685 1672 1702 1703 1686 1716 1717
    1672 1704 1673 1660 1038 1691 1686 1718 1687 1674 1704 1705
    1660 1692 1661 1687 1719 1688 1675 1705 1706 1661 1693 1662
    1688 1720 1689 1675 1707 1676 1662 1694 1663 1689 1721 1690
    1676 1708 1677 1663 1695 1664 1225 1690 1721 1678 1708 1709
    1664 1696 1665 1678 1710 1679 1666 1696 1697 1679 1711 1680
    1667 1697 1698 1680 1712 1681 1667 1699 1668 1682 1712 1713
    1668 1700 1669 1683 1713 1714 1670 1700 1701 1683 1715 1684
    1703 1735 1704 1691 1038 1722 1717 1749 1718 1705 1735 1736
    1691 1723 1692 1718 1750 1719 1706 1736 1737 1693 1723 1724
    1719 1751 1720 1706 1738 1707 1693 1725 1694 1721 1751 1752
    1707 1739 1708 1694 1726 1695 1225 1721 1752 1709 1739 1740
    1695 1727 1696 1709 1741 1710 1696 1728 1697 1710 1742 1711
    1698 1728 1729 1711 1743 1712 1698 1730 1699 1713 1743 1744
    1699 1731 1700 1714 1744 1745 1701 1731 1732 1714 1746 1715
    1702 1732 1733 1716 1746 1747 1703 1733 1734 1717 1747 1748
    1737 1767 1768 1723 1755 1724 1750 1782 1751 1737 1769 1738
    1724 1756 1725 1752 1782 1783 1738 1770 1739 1725 1757 1726
    1225 1752 1783 1740 1770 1771 1726 1758 1727 1740 1772 1741
    1727 1759 1728 1741 1773 1742 1729 1759 1760 1742 1774 1743
    1729 1761 1730 1744 1774 1775 1730 1762 1731 1745 1775 1776
    1732 1762 1763 1745 1777 1746 1733 1763 1764 1747 1777 1778
    1733 1765 1734 1748 1778 1779 1734 1766 1735 1722 1038 1753
    1748 1780 1749 1735 1767 1736 1722 1754 1723 1750 1780 1781
    1769 1801 1770 1757 1787 1788 1225 1783 1814 1771 1801 1802
    1757 1789 1758 1771 1803 1772 1758 1790 1759 1772 1804 1773
    1760 1790 1791 1773 1805 1774 1760 1792 1761 1775 1805 1806
    1761 1793 1762 1776 1806 1807 1763 1793 1794 1776 1808 1777
    1764 1794 1795 1778 1808 1809 1765 1795 1796 1779 1809 1810
    1765 1797 1766 1753 1038 1784 1780 1810 1811 1767 1797 1798
    1753 1785 1754 1780 1812 1781 1768 1798 1799 1755 1785 1786
    1781 1813 1782 1768 1800 1769 1755 1787 1756 1783 1813 1814
    1802 1834 1803 1789 1821 1790 1803 1835 1804 1791 1821 1822
    1804 1836 1805 1791 1823 1792 1806 1836 1837 1792 1824 1793
    1807 1837 1838 1794 1824 1825 1807 1839 1808 1794 1826 1795
    1809 1839 1840 1796 1826 1827 1810 1840 1841 1796 1828 1797
    1784 1038 1815 1810 1842 1811 1798 1828 1829 1784 1816 1785
    1811 1843 1812 1799 1829 1830 1785 1817 1786 1812 1844 1813
    1799 1831 1800 1786 1818 1787 1814 1844 1845 1800 1832 1801
    1787 1819 1788 1225 1814 1845 1802 1832 1833 1788 1820 1789
    1835 1867 1836 1822 1854 1823 1837 1867 1868 1823 1855 1824
    1838 1868 1869 1825 1855 1856 1838 1870 1839 1825 1857 1826
    1839 1871 1840 1827 1857 1858 1841 1871 1872 1827 1859 1828
    1815 1038 1846 1841 1873 1842 1829 1859 1860 1815 1847 1816
    1842 1874 1843 1830 1860 1861 1817 1847 1848 1843 1875 1844
    1830 1862 1831 1818 1848 1849 1845 1875 1876 1831 1863 1832
    1818 1850 1819 1225 1845 1876 1833 1863 1864 1819 1851 1820
    1833 1865 1834 1820 1852 1821 1835 1865 1866 1822 1852 1853
    1869 1899 1900 1856 1886 1887 1869 1901 1870 1856 1888 1857
    1870 1902 1871 1858 1888 1889 1871 1903 1872 1858 1890 1859
    1846 1038 1877 1872 1904 1873 1860 1890 1891 1846 1878 1847
    1873 1905 1874 1861 1891 1892 1847 1879 1848 1874 1906 1875
    1861 1893 1862 1848 1880 1849 1876 1906 1907 1862 1894 1863
    1849 1881 1850 1225 1876 1907 1864 1894 1895 1850 1882 1851
    1864 1896 1865 1852 1882 1883 1865 1897 1866 1853 1883 1884
    1866 1898 1867 1853 1885 1854 1868 1898 1899 1854 1886 1855
    1902 1932 1933 1889 1919 1920 1903 1933 1934 1889 1921 1890
    1877 1038 1908 1903 1935 1904 1891 1921 1922 1877 1909 1878
    1904 1936 1905 1892 1922 1923 1878 1910 1879 1905 1937 1906
    1892 1924 1893 1879 1911 1880 1906 1938 1907 1893 1925 1894
    1880 1912 1881 1225 1907 1938 1895 1925 1926 1881 1913 1882
    1895 1927 1896 1882 1914 1883 1897 1927 1928 1884 1914 1915
    1897 1929 1898 1884 1916 1885 1899 1929 1930 1885 1917 1886
    1900 1930 1931 1887 1917 1918 1900 1932 1901 1887 1919 1888
    1908 1038 1939 1935 1965 1966 1922 1952 1953 1908 1940 1909
    1935 1967 1936 1923 1953 1954 1909 1941 1910 1936 1968 1937
    1923 1955 1924 1911 1941 1942 1937 1969 1938 1924 1956 1925
    1911 1943 1912 1225 1938 1969 1926 1956 1957 1912 1944 1913
    1926 1958 1927 1914 1944 1945 1927 1959 1928 1915 1945 1946
    1928 1960 1929 1915 1947 1916 1930 1960 1961 1916 1948 1917
    1931 1961 1962 1918 1948 1949 1931 1963 1932 1918 1950 1919
    1932 1964 1933 1920 1950 1951 1934 1964 1965 1920 1952 1921
    1941 1 2 1968 13 1985 1954 9 1955 1941 1970 1942
    1968 14 1969 1955 1977 1956 1943 1970 3 1225 1969 14
    1957 1977 10 1944 3 1971 1957 11 1958 1944 1972 1945
    1958 12 1959 1946 1972 1973 1959 1978 1960 1946 1974 1947
    1961 1978 1979 1947 1975 1948 1962 1979 1980 1949 1975 4
    1962 1981 1963 1950 4 5 1963 1982 1964 1951 5 6
    1965 1982 1983 1951 1976 1952 1939 1038 0 1965 1984 1966
    1953 1976 7 1940 0 1 1967 1984 13 1954 7 8
    4 25 26 1982 1981 39 6 5 26 1983 1982 40
    1976 6 27 1983 41 42 1976 28 29 0 15 16
    1984 42 43 7 29 30 1 16 17 13 43 44
    8 30 31 1970 2 17 1985 44 45 9 31 32
    3 1970 18 1977 32 33 3 19 20 10 33 34
    1971 20 21 11 34 35 1973 1972 21 12 35 36
    1974 1973 22 1978 36 37 1975 1974 23 1979 37 38
    4 1975 24 1980 38 39 33 64 65 20 51 52
    35 34 65 21 52 53 35 66 67 23 22 53
    36 67 68 24 23 54 37 68 69 24 55 56
    39 38 69 25 56 57 40 39 70 27 26 57
    41 40 71 27 58 59 42 41 72 28 59 60
    16 15 46 43 42 73 30 29 60 17 16 47
    44 43 74 30 61 62 17 48 49 44 75 76
    32 31 62 18 49 50 33 32 63 19 50 51
    67 66 97 53 84 85 67 98 99 55 54 85
    69 68 99 55 86 87 70 69 100 56 87 88
    70 101 102 58 57 88 71 102 103 58 89 90
    72 103 104 60 59 90 46 77 78 74 73 104
    61 60 91 47 78 79 74 105 106 62 61 92
    49 48 79 76 75 106 62 93 94 49 80 81
    63 94 95 51 50 81 64 95 96 52 51 82
    66 65 96 52 83 84 100 99 130 86 117 118
    100 131 132 87 118 119 101 132 133 89 88 119
    102 133 134 90 89 120 103 134 135 90 121 122
    77 108 109 105 104 135 92 91 122 78 109 110
    105 136 137 92 123 124 79 110 111 107 106 137
    94 93 124 80 111 112 94 125 126 81 112 113
    95 126 127 83 82 113 97 96 127 83 114 115
    98 97 128 84 115 116 98 129 130 86 85 116
    132 163 164 119 150 151 133 164 165 121 120 151
    135 134 165 121 152 153 108 139 140 135 166 167
    123 122 153 110 109 140 136 167 168 123 154 155
    111 110 141 138 137 168 125 124 155 111 142 143
    125 156 157 112 143 144 126 157 158 114 113 144
    127 158 159 114 145 146 128 159 160 115 146 147
    129 160 161 117 116 147 131 130 161 118 117 148
    132 131 162 118 149 150 166 165 196 152 183 184
    139 170 171 166 197 198 154 153 184 141 140 171
    167 198 199 154 185 186 141 172 173 169 168 199
    156 155 186 142 173 174 156 187 188 143 174 175
    158 157 188 145 144 175 158 189 190 146 145 176
    159 190 191 146 177 178 160 191 192 148 147 178
    162 161 192 149 148 179 162 193 194 150 149 180
    163 194 195 150 181 182 164 195 196 151 182 183
    198 229 230 185 216 217 173 172 203 199 230 231
    187 186 217 173 204 205 187 218 219 174 205 206
    189 188 219 176 175 206 189 220 221 177 176 207
    190 221 222 177 208 209 191 222 223 179 178 209
    193 192 223 180 179 210 193 224 225 180 211 212
    194 225 226 181 212 213 196 195 226 183 182 213
    196 227 228 183 214 215 171 170 201 197 228 229
    185 184 215 171 202 203 218 249 250 205 236 237
    220 219 250 206 237 238 220 251 252 208 207 238
    221 252 253 208 239 240 223 222 253 209 240 241
    224 223 254 211 210 241 224 255 256 212 211 242
    225 256 257 212 243 244 227 226 257 214 213 244
    227 258 259 214 245 246 201 232 233 228 259 260
    216 215 246 202 233 234 229 260 261 216 247 248
    204 203 234 230 261 262 218 217 248 205 204 235
    251 282 283 239 238 269 252 283 284 239 270 271
    253 284 285 240 271 272 255 254 285 242 241 272
    255 286 287 243 242 273 256 287 288 243 274 275
    258 257 288 245 244 275 258 289 290 245 276 277
    232 263 264 259 290 291 247 246 277 233 264 265
    260 291 292 247 278 279 234 265 266 261 292 293
    248 279 280 236 235 266 249 280 281 236 267 268
    251 250 281 238 237 268 285 284 315 271 302 303
    286 285 316 273 272 303 286 317 318 273 304 305
    288 287 318 274 305 306 289 288 319 276 275 306
    289 320 321 276 307 308 264 263 294 290 321 322
    278 277 308 265 264 295 291 322 323 278 309 310
    265 296 297 292 323 324 279 310 311 267 266 297
    280 311 312 267 298 299 282 281 312 268 299 300
    282 313 314 270 269 300 283 314 315 270 301 302
    317 348 349 305 304 335 318 349 350 305 336 337
    320 319 350 307 306 337 320 351 352 308 307 338
    294 325 326 322 321 352 308 339 340 295 326 327
    323 322 353 309 340 341 296 327 328 324 323 354
    310 341 342 298 297 328 311 342 343 298 329 330
    313 312 343 300 299 330 313 344 345 301 300 331
    314 345 346 301 332 333 315 346 347 302 333 334
    317 316 347 304 303 334 351 350 381 338 337 368
    351 382 383 339 338 369 325 356 357 352 383 384
    339 370 371 326 357 358 353 384 385 341 340 371
    328 327 358 355 354 385 341 372 373 328 359 360
    342 373 374 329 360 361 344 343 374 330 361 362
    344 375 376 332 331 362 345 376 377 332 363 364
    347 346 377 333 364 365 348 347 378 335 334 365
    348 379 380 336 335 366 349 380 381 336 367 368
    356 387 388 383 414 415 370 401 402 358 357 388
    384 415 416 372 371 402 359 358 389 385 416 417
    372 403 404 360 359 390 373 404 405 360 391 392
    375 374 405 361 392 393 375 406 407 363 362 393
    376 407 408 363 394 395 377 408 409 364 395 396
    379 378 409 366 365 396 379 410 411 366 397 398
    380 411 412 367 398 399 382 381 412 369 368 399
    382 413 414 370 369 400 389 420 421 416 447 448
    403 434 435 390 421 422 404 435 436 391 422 423
    406 405 436 392 423 424 406 437 438 394 393 424
    407 438 439 394 425 426 409 408 439 395 426 427
    410 409 440 397 396 427 410 441 442 398 397 428
    411 442 443 398 429 430 413 412 443 400 399 430
    414 413 444 401 400 431 387 418 419 414 445 446
    401 432 433 388 419 420 415 446 447 403 402 433
    422 453 454 437 436 467 424 423 454 437 468 469
    425 424 455 438 469 470 425 456 457 439 470 471
    426 457 458 441 440 471 428 427 458 441 472 473
    428 459 460 442 473 474 429 460 461 444 443 474
    431 430 461 445 444 475 432 431 462 418 449 450
    445 476 477 432 463 464 419 450 451 446 477 478
    434 433 464 421 420 451 448 447 478 434 465 466
    421 452 453 435 466 467 456 455 486 469 500 501
    456 487 488 471 470 501 457 488 489 472 471 502
    459 458 489 472 503 504 459 490 491 473 504 505
    460 491 492 475 474 505 462 461 492 475 506 507
    463 462 493 449 480 481 477 476 507 463 494 495
    451 450 481 478 477 508 465 464 495 451 482 483
    478 509 510 465 496 497 452 483 484 466 497 498
    453 484 485 468 467 498 454 485 486 468 499 500
    488 519 520 503 502 533 490 489 520 503 534 535
    491 490 521 505 504 535 491 522 523 506 505 536
    493 492 523 506 537 538 494 493 524 480 511 512
    507 538 539 494 525 526 482 481 512 508 539 540
    496 495 526 482 513 514 509 540 541 496 527 528
    483 514 515 497 528 529 484 515 516 499 498 529
    485 516 517 499 530 531 487 486 517 500 531 532
    487 518 519 502 501 532 521 552 553 536 535 566
    522 553 554 537 536 567 524 523 554 537 568 569
    525 524 555 511 542 543 538 569 570 525 556 557
    513 512 543 539 570 571 527 526 557 513 544 545
    540 571 572 527 558 559 514 545 546 528 559 560
    515 546 547 530 529 560 516 547 548 530 561 562
    518 517 548 531 562 563 518 549 550 533 532 563
    519 550 551 534 533 564 521 520 551 534 565 566
    555 554 585 569 568 599 556 555 586 542 573 574
    569 600 601 556 587 588 543 574 575 570 601 602
    558 557 588 544 575 576 571 602 603 558 589 590
    545 576 577 559 590 591 546 577 578 561 560 591
    548 547 578 561 592 593 549 548 579 562 593 594
    549 580 581 563 594 595 551 550 581 565 564 595
    552 551 582 565 596 597 552 583 584 566 597 598
    553 584 585 567 598 599 587 618 619 574 605 606
    601 632 633 589 588 619 575 606 607 602 633 634
    589 620 621 577 576 607 590 621 622 577 608 609
    592 591 622 579 578 609 593 592 623 580 579 610
    593 624 625 580 611 612 595 594 625 581 612 613
    596 595 626 583 582 613 596 627 628 583 614 615
    597 628 629 584 615 616 599 598 629 586 585 616
    599 630 631 587 586 617 573 604 605 601 600 631
    620 651 652 607 638 639 621 652 653 608 639 640
    623 622 653 610 609 640 624 623 654 611 610 641
    624 655 656 611 642 643 625 656 657 613 612 643
    627 626 657 614 613 644 627 658 659 614 645 646
    628 659 660 615 646 647 630 629 660 616 647 648
    630 661 662 618 617 648 604 635 636 632 631 662
    618 649 650 606 605 636 632 663 664 620 619 650
    606 637 638 634 633 664 654 653 684 641 640 671
    655 654 685 642 641 672 655 686 687 642 673 674
    656 687 688 644 643 674 658 657 688 645 644 675
    658 689 690 645 676 677 659 690 691 646 677 678
    661 660 691 647 678 679 662 661 692 649 648 679
    635 666 667 663 662 693 649 680 681 637 636 667
    663 694 695 651 650 681 637 668 669 665 664 695
    651 682 683 638 669 670 652 683 684 639 670 671
    686 717 718 673 704 705 687 718 719 675 674 705
    689 688 719 676 675 706 689 720 721 677 676 707
    690 721 722 677 708 709 692 691 722 679 678 709
    692 723 724 680 679 710 666 697 698 693 724 725
    680 711 712 667 698 699 694 725 726 681 712 713
    668 699 700 696 695 726 682 713 714 670 669 700
    683 714 715 670 701 702 685 684 715 672 671 702
    685 716 717 673 672 703 720 719 750 707 706 737
    720 751 752 708 707 738 721 752 753 708 739 740
    723 722 753 709 740 741 724 723 754 711 710 741
    697 728 729 725 724 755 712 711 742 699 698 729
    725 756 757 712 743 744 699 730 731 726 757 758
    713 744 745 700 731 732 714 745 746 701 732 733
    716 715 746 703 702 733 716 747 748 704 703 734
    717 748 749 704 735 736 718 749 750 706 705 736
    752 783 784 739 770 771 754 753 784 740 771 772
    754 785 786 742 741 772 728 759 760 756 755 786
    743 742 773 730 729 760 756 787 788 743 774 775
    730 761 762 758 757 788 744 775 776 732 731 762
    745 776 777 732 763 764 747 746 777 734 733 764
    747 778 779 735 734 765 748 779 780 735 766 767
    749 780 781 737 736 767 751 750 781 738 737 768
    751 782 783 739 738 769 785 816 817 773 772 803
    759 790 791 787 786 817 774 773 804 761 760 791
    787 818 819 774 805 806 761 792 793 789 788 819
    775 806 807 762 793 794 777 776 807 763 794 795
    778 777 808 765 764 795 778 809 810 766 765 796
    779 810 811 766 797 798 780 811 812 768 767 798
    782 781 812 769 768 799 782 813 814 770 769 800
    783 814 815 770 801 802 785 784 815 772 771 802
    797 828 829 811 842 843 798 829 830 813 812 843
    800 799 830 813 844 845 801 800 831 814 845 846
    801 832 833 816 815 846 802 833 834 816 847 848
    804 803 834 790 821 822 818 817 848 805 804 835
    792 791 822 818 849 850 805 836 837 793 792 823
    820 819 850 806 837 838 794 793 824 808 807 838
    794 825 826 809 808 839 796 795 826 809 840 841
    797 796 827 810 841 842 831 830 861 844 875 876
    832 831 862 845 876 877 832 863 864 847 846 877
    833 864 865 847 878 879 835 834 865 821 852 853
    848 879 880 836 835 866 823 822 853 849 880 881
    836 867 868 823 854 855 851 850 881 837 868 869
    825 824 855 839 838 869 825 856 857 840 839 870
    827 826 857 840 871 872 828 827 858 841 872 873
    828 859 860 842 873 874 829 860 861 844 843 874
    863 894 895 878 877 908 864 895 896 879 878 909
    866 865 896 852 883 884 880 879 910 867 866 897
    854 853 884 880 911 912 867 898 899 854 885 886
    881 912 913 868 899 900 855 886 887 870 869 900
    856 887 888 871 870 901 857 888 889 871 902 903
    859 858 889 872 903 904 859 890 891 874 873 904
    860 891 892 875 874 905 862 861 892 875 906 907
    863 862 893 876 907 908 897 896 927 883 914 915
    910 941 942 898 897 928 885 884 915 911 942 943
    898 929 930 885 916 917 913 912 943 899 930 931
    886 917 918 901 900 931 887 918 919 902 901 932
    888 919 920 902 933 934 890 889 920 903 934 935
    890 921 922 905 904 935 891 922 923 906 905 936
    893 892 923 906 937 938 893 924 925 907 938 939
    894 925 926 909 908 939 895 926 927 909 940 941
    929 960 961 917 916 947 944 943 974 930 961 962
    917 948 949 932 931 962 918 949 950 933 932 963
    920 919 950 934 933 964 921 920 951 934 965 966
    921 952 953 936 935 966 922 953 954 937 936 967
    924 923 954 937 968 969 924 955 956 938 969 970
    925 956 957 940 939 970 926 957 958 941 940 971
    928 927 958 914 945 946 941 972 973 929 928 959
    915 946 947 942 973 974 963 962 993 949 980 981
    964 963 994 950 981 982 964 995 996 952 951 982
    965 996 997 952 983 984 967 966 997 953 984 985
    968 967 998 955 954 985 968 999 1000 955 986 987
    969 1000 1001 956 987 988 971 970 1001 957 988 989
    971 1002 1003 959 958 989 945 976 977 973 972 1003
    960 959 990 947 946 977 973 1004 1005 960 991 992
    947 978 979 974 1005 1006 961 992 993 949 948 979
    995 1026 1027 983 982 1013 996 1027 1028 983 1014 1015
    998 997 1028 984 1015 1016 999 998 1029 986 985 1016
    999 1030 1031 987 986 1017 1000 1031 1032 988 987 1018
    1002 1001 1032 988 1019 1020 1002 1033 1034 990 989 1020
    976 1007 1008 1004 1003 1034 991 990 1021 978 977 1008
    1004 1035 1036 991 1022 1023 978 1009 1010 1006 1005 1036
    992 1023 1024 979 1010 1011 994 993 1024 980 1011 1012
    994 1025 1026 981 1012 1013 1028 1060 1061 1016 1015 1047
    1030 1029 1061 1017 1016 1048 1030 1062 1063 1018 1017 1049
    1031 1063 1064 1018 1050 1051 1033 1032 1064 1019 1051 1052
    1034 1033 1065 1021 1020 1052 1007 1039 1040 1034 1066 1067
    1022 1021 1053 1009 1008 1040 1035 1067 1068 1022 1054 1055
    1009 1041 1042 1036 1068 1069 1023 1055 1056 1010 1042 1043
    1025 1024 1056 1011 1043 1044 1026 1025 1057 1013 1012 1044
    1026 1058 1059 1014 1013 1045 1027 1059 1060 1014 1046 1047
    1062 1093 1094 1049 1080 1081 1063 1094 1095 1051 1050 1081
    1065 1064 1095 1051 1082 1083 1066 1065 1096 1053 1052 1083
    1039 1070 1071 1067 1066 1097 1054 1053 1084 1040 1071 1072
    1067 1098 1099 1054 1085 1086 1041 1072 1073 1069 1068 1099
    1055 1086 1087 1042 1073 1074 1057 1056 1087 1043 1074 1075
    1057 1088 1089 1044 1075 1076 1058 1089 1090 1046 1045 1076
    1059 1090 1091 1046 1077 1078 1061 1060 1091 1047 1078 1079
    1062 1061 1092 1049 1048 1079 1096 1095 1126 1082 1113 1114
    1096 1127 1128 1084 1083 1114 1070 1101 1102 1097 1128 1129
    1085 1084 1115 1071 1102 1103 1098 1129 1130 1085 1116 1117
    1072 1103 1104 1100 1099 1130 1086 1117 1118 1074 1073 1104
    1088 1087 1118 1074 1105 1106 1088 1119 1120 1075 1106 1107
    1090 1089 1120 1077 1076 1107 1090 1121 1122 1077 1108 1109
    1092 1091 1122 1078 1109 1110 1093 1092 1123 1080 1079 1110
    1093 1124 1125 1080 1111 1112 1095 1094 1125 1082 1081 1112
    1101 1132 1133 1129 1128 1159 1116 1115 1146 1102 1133 1134
    1129 1160 1161 1116 1147 1148 1103 1134 1135 1131 1130 1161
    1117 1148 1149 1105 1104 1135 1119 1118 1149 1105 1136 1137
    1119 1150 1151 1107 1106 1137 1120 1151 1152 1108 1107 1138
    1121 1152 1153 1108 1139 1140 1123 1122 1153 1109 1140 1141
    1124 1123 1154 1111 1110 1141 1124 1155 1156 1111 1142 1143
    1125 1156 1157 1113 1112 1143 1127 1126 1157 1113 1144 1145
    1127 1158 1159 1115 1114 1145 1135 1134 1165 1162 1161 1192
    1148 1179 1180 1136 1135 1166 1150 1149 1180 1136 1167 1168
    1150 1181 1182 1138 1137 1168 1152 1151 1182 1139 1138 1169
    1152 1183 1184 1139 1170 1171 1153 1184 1185 1141 1140 1171
    1155 1154 1185 1142 1141 1172 1155 1186 1187 1142 1173 1174
    1156 1187 1188 1144 1143 1174 1158 1157 1188 1144 1175 1176
    1158 1189 1190 1146 1145 1176 1132 1163 1164 1160 1159 1190
    1147 1146 1177 1133 1164 1165 1160 1191 1192 1147 1178 1179
    1167 1198 1199 1181 1212 1213 1168 1199 1200 1182 1213 1214
    1170 1169 1200 1183 1214 1215 1170 1201 1202 1185 1184 1215
    1172 1171 1202 1186 1185 1216 1173 1172 1203 1186 1217 1218
    1174 1173 1204 1188 1187 1218 1175 1174 1205 1189 1188 1219
    1175 1206 1207 1189 1220 1221 1177 1176 1207 1163 1194 1195
    1191 1190 1221 1178 1177 1208 1165 1164 1195 1192 1191 1222
    1178 1209 1210 1165 1196 1197 1192 1223 1224 1179 1210 1211
    1166 1197 1198 1181 1180 1211 1201 1200 1232 1214 1246 1247
    1201 1233 1234 1216 1215 1247 1202 1234 1235 1217 1216 1248
    1204 1203 1235 1217 1249 1250 1205 1204 1236 1218 1250 1251
    1206 1205 1237 1220 1219 1251 1206 1238 1239 1220 1252 1253
    1208 1207 1239 1194 1226 1227 1221 1253 1254 1209 1208 1240
    1196 1195 1227 1222 1254 1255 1209 1241 1242 1196 1228 1229
    1223 1255 1256 1210 1242 1243 1197 1229 1230 1212 1211 1243
    1198 1230 1231 1212 1244 1245 1199 1231 1232 1213 1245 1246
    1235 1234 1265 1249 1248 1279 1236 1235 1266 1249 1280 1281
    1237 1236 1267 1250 1281 1282 1237 1268 1269 1252 1251 1282
    1238 1269 1270 1252 1283 1284 1240 1239 1270 1226 1257 1258
    1254 1253 1284 1241 1240 1271 1228 1227 1258 1254 1285 1286
    1241 1272 1273 1228 1259 1260 1256 1255 1286 1242 1273 1274
    1230 1229 1260 1244 1243 1274 1230 1261 1262 1245 1244 1275
    1231 1262 1263 1245 1276 1277 1233 1232 1263 1246 1277 1278
    1233 1264 1265 1247 1278 1279 1268 1267 1298 1282 1281 1312
    1268 1299 1300 1283 1282 1313 1269 1300 1301 1283 1314 1315
    1271 1270 1301 1257 1288 1289 1285 1284 1315 1272 1271 1302
    1259 1258 1289 1285 1316 1317 1272 1303 1304 1259 1290 1291
    1287 1286 1317 1273 1304 1305 1260 1291 1292 1275 1274 1305
    1261 1292 1293 1275 1306 1307 1262 1293 1294 1276 1307 1308
    1264 1263 1294 1277 1308 1309 1264 1295 1296 1278 1309 1310
    1265 1296 1297 1280 1279 1310 1267 1266 1297 1280 1311 1312
    1300 1331 1332 1315 1314 1345 1302 1301 1332 1288 1319 1320
    1315 1346 1347 1303 1302 1333 1290 1289 1320 1316 1347 1348
    1303 1334 1335 1290 1321 1322 1318 1317 1348 1304 1335 1336
    1292 1291 1322 1306 1305 1336 1292 1323 1324 1307 1306 1337
    1293 1324 1325 1307 1338 1339 1295 1294 1325 1308 1339 1340
    1295 1326 1327 1310 1309 1340 1296 1327 1328 1311 1310 1341
    1298 1297 1328 1311 1342 1343 1299 1298 1329 1312 1343 1344
    1299 1330 1331 1314 1313 1344 1334 1333 1364 1321 1320 1351
    1347 1378 1379 1334 1365 1366 1322 1321 1352 1349 1348 1379
    1335 1366 1367 1323 1322 1353 1337 1336 1367 1323 1354 1355
    1337 1368 1369 1324 1355 1356 1338 1369 1370 1326 1325 1356
    1339 1370 1371 1326 1357 1358 1341 1340 1371 1327 1358 1359
    1342 1341 1372 1329 1328 1359 1342 1373 1374 1330 1329 1360
    1343 1374 1375 1331 1330 1361 1345 1344 1375 1331 1362 1363
    1345 1376 1377 1333 1332 1363 1319 1350 1351 1347 1346 1377
    1366 1397 1398 1353 1384 1385 1368 1367 1398 1354 1385 1386
    1369 1368 1399 1356 1355 1386 1369 1400 1401 1357 1356 1387
    1370 1401 1402 1357 1388 1389 1372 1371 1402 1358 1389 1390
    1373 1372 1403 1360 1359 1390 1373 1404 1405 1361 1360 1391
    1374 1405 1406 1361 1392 1393 1376 1375 1406 1362 1393 1394
    1376 1407 1408 1364 1363 1394 1350 1381 1382 1378 1377 1408
    1365 1364 1395 1351 1382 1383 1378 1409 1410 1365 1396 1397
    1352 1383 1384 1379 1410 1411 1399 1430 1431 1386 1417 1418
    1400 1431 1432 1388 1387 1418 1401 1432 1433 1388 1419 1420
    1403 1402 1433 1389 1420 1421 1404 1403 1434 1391 1390 1421
    1404 1435 1436 1392 1391 1422 1406 1405 1436 1392 1423 1424
    1407 1406 1437 1393 1424 1425 1407 1438 1439 1395 1394 1425
    1381 1412 1413 1409 1408 1439 1396 1395 1426 1383 1382 1413
    1409 1440 1441 1396 1427 1428 1383 1414 1415 1410 1441 1442
    1397 1428 1429 1384 1415 1416 1399 1398 1429 1385 1416 1417
    1432 1463 1464 1419 1450 1451 1434 1433 1464 1421 1420 1451
    1435 1434 1465 1422 1421 1452 1435 1466 1467 1423 1422 1453
    1437 1436 1467 1424 1423 1454 1438 1437 1468 1424 1455 1456
    1438 1469 1470 1426 1425 1456 1412 1443 1444 1439 1470 1471
    1427 1426 1457 1413 1444 1445 1440 1471 1472 1427 1458 1459
    1415 1414 1445 1442 1441 1472 1428 1459 1460 1415 1446 1447
    1430 1429 1460 1416 1447 1448 1431 1430 1461 1417 1448 1449
    1431 1462 1463 1419 1418 1449 1466 1465 1496 1453 1452 1483
    1466 1497 1498 1454 1453 1484 1467 1498 1499 1454 1485 1486
    1469 1468 1499 1455 1486 1487 1469 1500 1501 1457 1456 1487
    1443 1474 1475 1471 1470 1501 1458 1457 1488 1445 1444 1475
    1471 1502 1503 1458 1489 1490 1445 1476 1477 1472 1503 1504
    1459 1490 1491 1446 1477 1478 1461 1460 1491 1447 1478 1479
    1462 1461 1492 1448 1479 1480 1462 1493 1494 1450 1449 1480
    1463 1494 1495 1450 1481 1482 1465 1464 1495 1451 1482 1483
    1499 1498 1529 1486 1485 1516 1500 1499 1530 1486 1517 1518
    1501 1500 1531 1488 1487 1518 1474 1505 1506 1502 1501 1532
    1489 1488 1519 1476 1475 1506 1502 1533 1534 1489 1520 1521
    1476 1507 1508 1503 1534 1535 1490 1521 1522 1478 1477 1508
    1492 1491 1522 1478 1509 1510 1492 1523 1524 1479 1510 1511
    1493 1524 1525 1481 1480 1511 1494 1525 1526 1481 1512 1513
    1496 1495 1526 1482 1513 1514 1497 1496 1527 1484 1483 1514
    1497 1528 1529 1485 1484 1515 1531 1562 1563 1519 1518 1549
    1506 1505 1536 1533 1532 1563 1520 1519 1550 1507 1506 1537
    1533 1564 1565 1520 1551 1552 1507 1538 1539 1534 1565 1566
    1521 1552 1553 1509 1508 1539 1523 1522 1553 1509 1540 1541
    1523 1554 1555 1511 1510 1541 1524 1555 1556 1512 1511 1542
    1525 1556 1557 1512 1543 1544 1527 1526 1557 1513 1544 1545
    1528 1527 1558 1515 1514 1545 1528 1559 1560 1516 1515 1546
    1529 1560 1561 1517 1516 1547 1531 1530 1561 1517 1548 1549
    1564 1595 1596 1551 1582 1583 1538 1569 1570 1565 1596 1597
    1552 1583 1584 1539 1570 1571 1554 1553 1584 1540 1571 1572
    1554 1585 1586 1541 1572 1573 1555 1586 1587 1543 1542 1573
    1556 1587 1588 1543 1574 1575 1558 1557 1588 1544 1575 1576
    1559 1558 1589 1546 1545 1576 1559 1590 1591 1547 1546 1577
    1560 1591 1592 1548 1547 1578 1562 1561 1592 1548 1579 1580
    1562 1593 1594 1550 1549 1580 1536 1567 1568 1564 1563 1594
    1551 1550 1581 1537 1568 1569 1571 1602 1603 1585 1616 1617
    1572 1603 1604 1586 1617 1618 1574 1573 1604 1587 1618 1619
    1574 1605 1606 1589 1588 1619 1575 1606 1607 1590 1589 1620
    1577 1576 1607 1590 1621 1622 1578 1577 1608 1591 1622 1623
    1579 1578 1609 1593 1592 1623 1579 1610 1611 1593 1624 1625
    1581 1580 1611 1567 1598 1599 1595 1594 1625 1582 1581 1612
    1568 1599 1600 1595 1626 1627 1582 1613 1614 1570 1569 1600
    1596 1627 1628 1583 1614 1615 1571 1570 1601 1585 1584 1615
    1605 1604 1635 1618 1649 1650 1605 1636 1637 1620 1619 1650
    1606 1637 1638 1621 1620 1651 1608 1607 1638 1621 1652 1653
    1609 1608 1639 1622 1653 1654 1609 1640 1641 1624 1623 1654
    1610 1641 1642 1624 1655 1656 1612 1611 1642 1598 1629 1630
    1625 1656 1657 1613 1612 1643 1599 1630 1631 1626 1657 1658
    1613 1644 1645 1600 1631 1632 1628 1627 1658 1614 1645 1646
    1601 1632 1633 1616 1615 1646 1602 1633 1634 1616 1647 1648
    1604 1603 1634 1617 1648 1649 1638 1637 1668 1652 1651 1682
    1639 1638 1669 1652 1683 1684 1640 1639 1670 1654 1653 1684
    1640 1671 1672 1655 1654 1685 1641 1672 1673 1655 1686 1687
    1643 1642 1673 1629 1660 1661 1656 1687 1688 1644 1643 1674
    1630 1661 1662 1657 1688 1689 1644 1675 1676 1632 1631 1662
    1659 1658 1689 1645 1676 1677 1633 1632 1663 1647 1646 1677
    1633 1664 1665 1647 1678 1679 1635 1634 1665 1648 1679 1680
    1636 1635 1666 1649 1680 1681 1636 1667 1668 1650 1681 1682
    1671 1670 1701 1684 1715 1716 1672 1671 1702 1686 1685 1716
    1672 1703 1704 1686 1717 1718 1674 1673 1704 1660 1691 1692
    1687 1718 1719 1675 1674 1705 1661 1692 1693 1688 1719 1720
    1675 1706 1707 1662 1693 1694 1689 1720 1721 1676 1707 1708
    1663 1694 1695 1678 1677 1708 1664 1695 1696 1678 1709 1710
    1666 1665 1696 1679 1710 1711 1667 1666 1697 1680 1711 1712
    1667 1698 1699 1682 1681 1712 1668 1699 1700 1683 1682 1713
    1670 1669 1700 1683 1714 1715 1703 1734 1735 1717 1748 1749
    1705 1704 1735 1691 1722 1723 1718 1749 1750 1706 1705 1736
    1693 1692 1723 1719 1750 1751 1706 1737 1738 1693 1724 1725
    1721 1720 1751 1707 1738 1739 1694 1725 1726 1709 1708 1739
    1695 1726 1727 1709 1740 1741 1696 1727 1728 1710 1741 1742
    1698 1697 1728 1711 1742 1743 1698 1729 1730 1713 1712 1743
    1699 1730 1731 1714 1713 1744 1701 1700 1731 1714 1745 1746
    1702 1701 1732 1716 1715 1746 1703 1702 1733 1717 1716 1747
    1737 1736 1767 1723 1754 1755 1750 1781 1782 1737 1768 1769
    1724 1755 1756 1752 1751 1782 1738 1769 1770 1725 1756 1757
    1740 1739 1770 1726 1757 1758 1740 1771 1772 1727 1758 1759
    1741 1772 1773 1729 1728 1759 1742 1773 1774 1729 1760 1761
    1744 1743 1774 1730 1761 1762 1745 1744 1775 1732 1731 1762
    1745 1776 1777 1733 1732 1763 1747 1746 1777 1733 1764 1765
    1748 1747 1778 1734 1765 1766 1748 1779 1780 1735 1766 1767
    1722 1753 1754 1750 1749 1780 1769 1800 1801 1757 1756 1787
    1771 1770 1801 1757 1788 1789 1771 1802 1803 1758 1789 1790
    1772 1803 1804 1760 1759 1790 1773 1804 1805 1760 1791 1792
    1775 1774 1805 1761 1792 1793 1776 1775 1806 1763 1762 1793
    1776 1807 1808 1764 1763 1794 1778 1777 1808 1765 1764 1795
    1779 1778 1809 1765 1796 1797 1780 1779 1810 1767 1766 1797
    1753 1784 1785 1780 1811 1812 1768 1767 1798 1755 1754 1785
    1781 1812 1813 1768 1799 1800 1755 1786 1787 1783 1782 1813
    1802 1833 1834 1789 1820 1821 1803 1834 1835 1791 1790 1821
    1804 1835 1836 1791 1822 1823 1806 1805 1836 1792 1823 1824
    1807 1806 1837 1794 1793 1824 1807 1838 1839 1794 1825 1826
    1809 1808 1839 1796 1795 1826 1810 1809 1840 1796 1827 1828
    1810 1841 1842 1798 1797 1828 1784 1815 1816 1811 1842 1843
    1799 1798 1829 1785 1816 1817 1812 1843 1844 1799 1830 1831
    1786 1817 1818 1814 1813 1844 1800 1831 1832 1787 1818 1819
    1802 1801 1832 1788 1819 1820 1835 1866 1867 1822 1853 1854
    1837 1836 1867 1823 1854 1855 1838 1837 1868 1825 1824 1855
    1838 1869 1870 1825 1856 1857 1839 1870 1871 1827 1826 1857
    1841 1840 1871 1827 1858 1859 1841 1872 1873 1829 1828 1859
    1815 1846 1847 1842 1873 1874 1830 1829 1860 1817 1816 1847
    1843 1874 1875 1830 1861 1862 1818 1817 1848 1845 1844 1875
    1831 1862 1863 1818 1849 1850 1833 1832 1863 1819 1850 1851
    1833 1864 1865 1820 1851 1852 1835 1834 1865 1822 1821 1852
    1869 1868 1899 1856 1855 1886 1869 1900 1901 1856 1887 1888
    1870 1901 1902 1858 1857 1888 1871 1902 1903 1858 1889 1890
    1872 1903 1904 1860 1859 1890 1846 1877 1878 1873 1904 1905
    1861 1860 1891 1847 1878 1879 1874 1905 1906 1861 1892 1893
    1848 1879 1880 1876 1875 1906 1862 1893 1894 1849 1880 1881
    1864 1863 1894 1850 1881 1882 1864 1895 1896 1852 1851 1882
    1865 1896 1897 1853 1852 1883 1866 1897 1898 1853 1884 1885
    1868 1867 1898 1854 1885 1886 1902 1901 1932 1889 1888 1919
    1903 1902 1933 1889 1920 1921 1903 1934 1935 1891 1890 1921
    1877 1908 1909 1904 1935 1936 1892 1891 1922 1878 1909 1910
    1905 1936 1937 1892 1923 1924 1879 1910 1911 1906 1937 1938
    1893 1924 1925 1880 1911 1912 1895 1894 1925 1881 1912 1913
    1895 1926 1927 1882 1913 1914 1897 1896 1927 1884 1883 1914
    1897 1928 1929 1884 1915 1916 1899 1898 1929 1885 1916 1917
    1900 1899 1930 1887 1886 1917 1900 1931 1932 1887 1918 1919
    1935 1934 1965 1922 1921 1952 1908 1939 1940 1935 1966 1967
    1923 1922 1953 1909 1940 1941 1936 1967 1968 1923 1954 1955
    1911 1910 1941 1937 1968 1969 1924 1955 1956 1911 1942 1943
    1926 1925 1956 1912 1943 1944 1926 1957 1958 1914 1913 1944
    1927 1958 1959 1915 1914 1945 1928 1959 1960 1915 1946 1947
    1930 1929 1960 1916 1947 1948 1931 1930 1961 1918 1917 1948
    1931 1962 1963 1918 1949 1950 1932 1963 1964 1920 1919 1950
    1934 1933 1964 1920 1951 1952 1941 1940 1 1968 1967 13
    1954 8 9 1941 2 1970 1968 1985 14 1955 9 1977
    1943 1942 1970 1957 1956 1977 1944 1943 3 1957 10 11
    1944 1971 1972 1958 11 12 1946 1945 1972 1959 12 1978
    1946 1973 1974 1961 1960 1978 1947 1974 1975 1962 1961 1979
    1949 1948 1975 1962 1980 1981 1950 1949 4 1963 1981 1982
    1951 1950 5 1965 1964 1982 1951 6 1976 1965 1983 1984
    1953 1952 1976 1940 1939 0 1967 1966 1984 1954 1953 7